9.999985e-01 5.822659e-04 1.603161e-03 -1.646110e-02 -5.751080e-04 9.999899e-01 -4.461705e-03 -7.124090e-03 -1.605743e-03 4.460776e-03 9.999888e-01 9.616088e-01
9.999960e-01 -1.702606e-03 2.275631e-03 -2.274520e-03 1.714462e-03 9.999849e-01 -5.218331e-03 -7.837094e-03 -2.266712e-03 5.222212e-03 9.999838e-01 1.924695e+00
9.999926e-01 -3.631466e-03 1.300567e-03 1.588069e-02 3.633268e-03 9.999924e-01 -1.385903e-03 -1.027560e-02 -1.295525e-03 1.390618e-03 9.999982e-01 2.887792e+00
9.999899e-01 -4.494544e-03 3.140536e-04 3.538817e-02 4.493093e-03 9.999799e-01 4.478186e-03 -1.597129e-02 -3.341747e-04 -4.476730e-03 9.999899e-01 3.847931e+00
9.999690e-01 -7.760832e-03 -1.338494e-03 4.518593e-02 7.766500e-03 9.999607e-01 4.282528e-03 -1.156440e-02 1.305206e-03 -4.292790e-03 9.999899e-01 4.806150e+00
9.999387e-01 -1.075349e-02 -2.641281e-03 5.113281e-02 1.075752e-02 9.999410e-01 1.514613e-03 -1.138796e-02 2.624837e-03 -1.542934e-03 9.999954e-01 5.738605e+00
9.999412e-01 -1.061614e-02 -2.225175e-03 2.114331e-02 1.061096e-02 9.999410e-01 -2.326001e-03 -3.387960e-03 2.249737e-03 2.302253e-03 9.999948e-01 6.675591e+00
9.999442e-01 -1.018360e-02 -2.804363e-03 1.028553e-02 1.017566e-02 9.999442e-01 -2.833587e-03 -5.915498e-03 2.833062e-03 2.804893e-03 9.999921e-01 7.605390e+00
9.999543e-01 -9.212363e-03 -2.570243e-03 -2.671386e-02 9.211265e-03 9.999575e-01 -4.385468e-04 -2.114430e-02 2.574174e-03 4.148515e-04 9.999966e-01 8.533935e+00
9.999369e-01 -1.121940e-02 -5.449540e-04 -1.131212e-01 1.122166e-02 9.999276e-01 4.347813e-03 -7.323003e-02 4.961347e-04 -4.353654e-03 9.999904e-01 9.458919e+00
9.999364e-01 -1.127334e-02 -2.081568e-04 -1.390016e-01 1.127433e-02 9.999208e-01 5.587418e-03 -6.759363e-02 1.451514e-04 -5.589410e-03 9.999844e-01 1.038169e+01
9.999207e-01 -1.259381e-02 1.980796e-05 -1.533510e-01 1.259335e-02 9.998949e-01 7.189463e-03 -7.555429e-02 -1.103486e-04 -7.188643e-03 9.999742e-01 1.133226e+01
9.999172e-01 -1.265650e-02 -2.338798e-03 -1.231623e-01 1.267272e-02 9.998948e-01 7.055349e-03 -6.636839e-02 2.249256e-03 -7.084403e-03 9.999724e-01 1.221572e+01
9.998992e-01 -1.372260e-02 -3.643442e-03 -1.183925e-01 1.374410e-02 9.998879e-01 5.942668e-03 -6.784306e-02 3.561485e-03 -5.992145e-03 9.999757e-01 1.312562e+01
9.998980e-01 -1.343989e-02 -4.825522e-03 -1.372312e-01 1.345623e-02 9.999038e-01 3.370728e-03 -5.752034e-02 4.779755e-03 -3.435318e-03 9.999827e-01 1.403361e+01
9.998551e-01 -1.561935e-02 -6.773893e-03 -1.376760e-01 1.563197e-02 9.998762e-01 1.813799e-03 -4.789032e-02 6.744723e-03 -1.919425e-03 9.999754e-01 1.493783e+01
9.998459e-01 -1.554441e-02 -8.158994e-03 -1.603061e-01 1.555013e-02 9.998789e-01 6.373815e-04 -4.012621e-02 8.148098e-03 -7.641567e-04 9.999665e-01 1.583844e+01
9.998404e-01 -1.487978e-02 -9.888810e-03 -1.772748e-01 1.488177e-02 9.998893e-01 1.273769e-04 -4.095672e-02 9.885819e-03 -2.745196e-04 9.999511e-01 1.673531e+01
9.998315e-01 -1.410632e-02 -1.174542e-02 -1.972974e-01 1.409858e-02 9.999003e-01 -7.412354e-04 -2.896766e-02 1.175471e-02 5.755168e-04 9.999307e-01 1.762694e+01
9.998171e-01 -1.404253e-02 -1.298592e-02 -2.221909e-01 1.405167e-02 9.999011e-01 6.128015e-04 -3.037542e-02 1.297603e-02 -7.951633e-04 9.999155e-01 1.851878e+01
9.998405e-01 -1.341798e-02 -1.179095e-02 -2.748002e-01 1.344855e-02 9.999064e-01 2.517242e-03 -3.786174e-02 1.175607e-02 -2.675412e-03 9.999273e-01 1.940478e+01
9.998442e-01 -1.215125e-02 -1.280689e-02 -2.880252e-01 1.219476e-02 9.999201e-01 3.324512e-03 -4.275725e-02 1.276547e-02 -3.480171e-03 9.999125e-01 2.028550e+01
9.998124e-01 -1.294394e-02 -1.440986e-02 -3.041272e-01 1.298700e-02 9.999115e-01 2.898430e-03 -3.644664e-02 1.437107e-02 -3.085027e-03 9.998920e-01 2.115966e+01
9.997808e-01 -1.277839e-02 -1.658654e-02 -3.064360e-01 1.281655e-02 9.999155e-01 2.196201e-03 -3.274309e-02 1.655708e-02 -2.408302e-03 9.998600e-01 2.202887e+01
9.997647e-01 -1.243925e-02 -1.777145e-02 -3.200889e-01 1.248480e-02 9.999190e-01 2.454274e-03 -2.784640e-02 1.773948e-02 -2.675569e-03 9.998391e-01 2.289196e+01
9.997671e-01 -1.154216e-02 -1.823696e-02 -3.480871e-01 1.162250e-02 9.999232e-01 4.305736e-03 -2.539867e-02 1.818586e-02 -4.516692e-03 9.998244e-01 2.374859e+01
9.997451e-01 -1.244213e-02 -1.884082e-02 -3.648744e-01 1.257809e-02 9.998956e-01 7.114987e-03 -2.372101e-02 1.875033e-02 -7.350155e-03 9.997972e-01 2.460633e+01
9.997129e-01 -1.257801e-02 -2.039562e-02 -3.625290e-01 1.274942e-02 9.998843e-01 8.296044e-03 -1.633706e-02 2.028891e-02 -8.553694e-03 9.997576e-01 2.543319e+01
9.997062e-01 -1.206085e-02 -2.102269e-02 -3.813695e-01 1.221625e-02 9.998989e-01 7.279486e-03 -1.588601e-02 2.093277e-02 -7.534166e-03 9.997525e-01 2.625724e+01
9.997064e-01 -1.074478e-02 -2.171894e-02 -4.111374e-01 1.084455e-02 9.999312e-01 4.481368e-03 -9.412591e-03 2.166930e-02 -4.715585e-03 9.997541e-01 2.707111e+01
9.997012e-01 -1.042699e-02 -2.210744e-02 -4.264807e-01 1.049477e-02 9.999406e-01 2.952130e-03 -8.054980e-03 2.207535e-02 -3.183261e-03 9.997512e-01 2.786788e+01
9.996903e-01 -9.576824e-03 -2.296792e-02 -4.570130e-01 9.641092e-03 9.999499e-01 2.689058e-03 -1.060889e-02 2.294102e-02 -2.909661e-03 9.997326e-01 2.866023e+01
9.996702e-01 -9.813793e-03 -2.373057e-02 -4.892238e-01 9.872567e-03 9.999485e-01 2.360863e-03 -1.165286e-02 2.370618e-02 -2.594366e-03 9.997156e-01 2.944504e+01
9.996308e-01 -9.422792e-03 -2.548361e-02 -5.194621e-01 9.468931e-03 9.999537e-01 1.690469e-03 -1.261398e-02 2.546650e-02 -1.931147e-03 9.996738e-01 3.021674e+01
9.995906e-01 -9.441046e-03 -2.701013e-02 -5.464104e-01 9.499961e-03 9.999528e-01 2.053711e-03 -2.013107e-02 2.698946e-02 -2.309466e-03 9.996331e-01 3.098317e+01
9.995417e-01 -9.227650e-03 -2.882987e-02 -5.778432e-01 9.317893e-03 9.999521e-01 2.997437e-03 -1.013259e-02 2.880083e-02 -3.264697e-03 9.995798e-01 3.174296e+01
9.994881e-01 -9.873157e-03 -3.043181e-02 -6.140612e-01 1.003918e-02 9.999355e-01 5.307451e-03 -5.020540e-03 3.037745e-02 -5.610244e-03 9.995228e-01 3.248671e+01
9.994255e-01 -9.217855e-03 -3.261507e-02 -6.419566e-01 9.446126e-03 9.999319e-01 6.851765e-03 -3.258729e-03 3.254969e-02 -7.155915e-03 9.994445e-01 3.322433e+01
9.993949e-01 -7.782695e-03 -3.390193e-02 -6.793848e-01 8.026050e-03 9.999430e-01 7.048037e-03 5.283579e-04 3.384514e-02 -7.315870e-03 9.994003e-01 3.395171e+01
9.993476e-01 -3.501855e-03 -3.594728e-02 -7.030605e-01 3.704769e-03 9.999776e-01 5.579693e-03 1.733696e-02 3.592694e-02 -5.709228e-03 9.993381e-01 3.469350e+01
9.992585e-01 -2.515235e-03 -3.842115e-02 -7.286077e-01 2.717695e-03 9.999827e-01 5.218185e-03 1.816928e-02 3.840736e-02 -5.318732e-03 9.992480e-01 3.538374e+01
9.992077e-01 -2.199565e-03 -3.973823e-02 -7.617721e-01 2.438914e-03 9.999792e-01 5.975676e-03 3.253167e-02 3.972426e-02 -6.067859e-03 9.991923e-01 3.607631e+01
9.991803e-01 -5.110020e-04 -4.047893e-02 -8.072748e-01 8.403842e-04 9.999667e-01 8.120529e-03 3.143213e-02 4.047343e-02 -8.147890e-03 9.991474e-01 3.676337e+01
9.991713e-01 2.453045e-03 -4.062823e-02 -8.419500e-01 -2.116074e-03 9.999630e-01 8.334953e-03 4.166248e-02 4.064717e-02 -8.242074e-03 9.991396e-01 3.743942e+01
9.992914e-01 6.592144e-03 -3.705755e-02 -9.001737e-01 -6.359915e-03 9.999594e-01 6.381124e-03 5.147422e-02 3.709811e-02 -6.140920e-03 9.992928e-01 3.809989e+01
9.993422e-01 8.961912e-03 -3.513951e-02 -9.315055e-01 -8.844436e-03 9.999548e-01 3.497140e-03 5.558515e-02 3.516926e-02 -3.184051e-03 9.993763e-01 3.875215e+01
9.994172e-01 9.374212e-03 -3.282472e-02 -9.545480e-01 -9.315051e-03 9.999547e-01 1.954771e-03 5.082737e-02 3.284155e-02 -1.647867e-03 9.994592e-01 3.938940e+01
9.995066e-01 9.800167e-03 -2.984146e-02 -9.766210e-01 -9.706296e-03 9.999475e-01 3.288917e-03 4.743128e-02 2.987212e-02 -2.997644e-03 9.995492e-01 4.002651e+01
9.995030e-01 1.435576e-02 -2.806403e-02 -9.820144e-01 -1.419318e-02 9.998814e-01 5.984019e-03 5.229083e-02 2.814660e-02 -5.582728e-03 9.995882e-01 4.067659e+01
9.995421e-01 1.789824e-02 -2.439661e-02 -1.007050e+00 -1.765787e-02 9.997938e-01 1.003249e-02 4.346225e-02 2.457114e-02 -9.597108e-03 9.996520e-01 4.128195e+01
9.995468e-01 2.282907e-02 -1.961968e-02 -1.033975e+00 -2.261422e-02 9.996826e-01 1.110388e-02 4.779264e-02 1.986694e-02 -1.065516e-02 9.997459e-01 4.188061e+01
9.995436e-01 2.645624e-02 -1.458354e-02 -1.037279e+00 -2.628968e-02 9.995883e-01 1.149708e-02 5.633327e-02 1.488171e-02 -1.110843e-02 9.998276e-01 4.246568e+01
9.995167e-01 3.039277e-02 -6.534545e-03 -1.082414e+00 -3.030468e-02 9.994538e-01 1.318160e-02 6.624404e-02 6.931602e-03 -1.297720e-02 9.998918e-01 4.303258e+01
9.993806e-01 3.518114e-02 8.613208e-04 -1.099175e+00 -3.518998e-02 9.992737e-01 1.462067e-02 7.125483e-02 -3.463233e-04 -1.464192e-02 9.998927e-01 4.358060e+01
9.992162e-01 3.878586e-02 7.913708e-03 -1.094466e+00 -3.889644e-02 9.991404e-01 1.433282e-02 8.383559e-02 -7.350994e-03 -1.462940e-02 9.998660e-01 4.410756e+01
9.989750e-01 4.244793e-02 1.571880e-02 -1.101335e+00 -4.267635e-02 9.989838e-01 1.449272e-02 9.313889e-02 -1.508764e-02 -1.514868e-02 9.997714e-01 4.461501e+01
9.985652e-01 4.729736e-02 2.510822e-02 -1.100320e+00 -4.766227e-02 9.987634e-01 1.413930e-02 1.022338e-01 -2.440842e-02 -1.531573e-02 9.995847e-01 4.509835e+01
9.981809e-01 5.076194e-02 3.252796e-02 -1.086993e+00 -5.117528e-02 9.986176e-01 1.200249e-02 1.035651e-01 -3.187372e-02 -1.364529e-02 9.993988e-01 4.556216e+01
9.977845e-01 5.255987e-02 4.078654e-02 -1.076868e+00 -5.297555e-02 9.985536e-01 9.177844e-03 1.075855e-01 -4.024516e-02 -1.131820e-02 9.991257e-01 4.600159e+01
9.974141e-01 5.294343e-02 4.860086e-02 -1.054998e+00 -5.345960e-02 9.985259e-01 9.382026e-03 1.080186e-01 -4.803250e-02 -1.195595e-02 9.987742e-01 4.642293e+01
9.970770e-01 5.197915e-02 5.599623e-02 -1.020216e+00 -5.268733e-02 9.985477e-01 1.124480e-02 1.094636e-01 -5.533041e-02 -1.416222e-02 9.983677e-01 4.681898e+01
9.965625e-01 5.343431e-02 6.330795e-02 -9.968375e-01 -5.430197e-02 9.984517e-01 1.206383e-02 1.195689e-01 -6.256531e-02 -1.546011e-02 9.979211e-01 4.719059e+01
9.958318e-01 5.601173e-02 7.198363e-02 -9.725342e-01 -5.703471e-02 9.982972e-01 1.223373e-02 1.315125e-01 -7.117582e-02 -1.628831e-02 9.973308e-01 4.755292e+01
9.948777e-01 6.045271e-02 8.101794e-02 -9.562594e-01 -6.160081e-02 9.980318e-01 1.174494e-02 1.343986e-01 -8.014847e-02 -1.667555e-02 9.966434e-01 4.786409e+01
9.939288e-01 6.353717e-02 8.982475e-02 -9.278592e-01 -6.486242e-02 9.978231e-01 1.190961e-02 1.368436e-01 -8.887251e-02 -1.766356e-02 9.958864e-01 4.816188e+01
9.930272e-01 6.282273e-02 9.975073e-02 -9.105994e-01 -6.443908e-02 9.978361e-01 1.306227e-02 1.427652e-01 -9.871427e-02 -1.939904e-02 9.949267e-01 4.843714e+01
9.919631e-01 6.097476e-02 1.108661e-01 -8.872687e-01 -6.269980e-02 9.979586e-01 1.213719e-02 1.429390e-01 -1.098997e-01 -1.899092e-02 9.937612e-01 4.870387e+01
9.906901e-01 5.880989e-02 1.227787e-01 -8.414388e-01 -6.031854e-02 9.981421e-01 8.603654e-03 1.482458e-01 -1.220446e-01 -1.592939e-02 9.923968e-01 4.896130e+01
9.887830e-01 5.910084e-02 1.371689e-01 -8.235510e-01 -6.032512e-02 9.981673e-01 4.781841e-03 1.674821e-01 -1.366349e-01 -1.300294e-02 9.905361e-01 4.921975e+01
9.860928e-01 6.078741e-02 1.546797e-01 -8.012390e-01 -6.203299e-02 9.980689e-01 3.234198e-03 1.673534e-01 -1.541844e-01 -1.278446e-02 9.879594e-01 4.947675e+01
9.834658e-01 6.136593e-02 1.703797e-01 -7.505604e-01 -6.272251e-02 9.980277e-01 2.585688e-03 1.767216e-01 -1.698850e-01 -1.322958e-02 9.853751e-01 4.973876e+01
9.801753e-01 6.190792e-02 1.882123e-01 -7.134440e-01 -6.340015e-02 9.979864e-01 1.912728e-03 1.827445e-01 -1.877149e-01 -1.380750e-02 9.821265e-01 4.997764e+01
9.769192e-01 6.071947e-02 2.047974e-01 -6.273257e-01 -6.246781e-02 9.980448e-01 2.076472e-03 1.790384e-01 -2.042709e-01 -1.482179e-02 9.788022e-01 5.021425e+01
9.726235e-01 5.924662e-02 2.247073e-01 -5.728178e-01 -6.149064e-02 9.981032e-01 2.994996e-03 1.815777e-01 -2.241037e-01 -1.673040e-02 9.744217e-01 5.046418e+01
9.677003e-01 5.939666e-02 2.450063e-01 -5.051292e-01 -6.203984e-02 9.980689e-01 3.077527e-03 1.771748e-01 -2.443504e-01 -1.817828e-02 9.695166e-01 5.069389e+01
9.619828e-01 6.089103e-02 2.662357e-01 -4.283757e-01 -6.365280e-02 9.979706e-01 1.748225e-03 1.817034e-01 -2.655889e-01 -1.862841e-02 9.639064e-01 5.093091e+01
9.558375e-01 6.184093e-02 2.873159e-01 -3.326210e-01 -6.484593e-02 9.978948e-01 9.447067e-04 1.774605e-01 -2.866527e-01 -1.953426e-02 9.578354e-01 5.116162e+01
9.481443e-01 6.305576e-02 3.115228e-01 -2.384350e-01 -6.676101e-02 9.977682e-01 1.232775e-03 1.736230e-01 -3.107498e-01 -2.196642e-02 9.502379e-01 5.139878e+01
9.393279e-01 6.571522e-02 3.366670e-01 -1.333685e-01 -7.031376e-02 9.975238e-01 1.470806e-03 1.675203e-01 -3.357367e-01 -2.505389e-02 9.416226e-01 5.163395e+01
9.291577e-01 6.756964e-02 3.634560e-01 -5.641466e-03 -7.319602e-02 9.973161e-01 1.712313e-03 1.522916e-01 -3.623648e-01 -2.819454e-02 9.316098e-01 5.186439e+01
9.176506e-01 6.763678e-02 3.915899e-01 1.163252e-01 -7.435907e-02 9.972295e-01 2.007848e-03 1.493542e-01 -3.903692e-01 -3.096076e-02 9.201377e-01 5.208980e+01
9.043823e-01 6.444298e-02 4.218291e-01 2.381866e-01 -7.250198e-02 9.973635e-01 3.073370e-03 1.501761e-01 -4.205189e-01 -3.336294e-02 9.066702e-01 5.232080e+01
8.894067e-01 5.997819e-02 4.531649e-01 3.883149e-01 -6.941310e-02 9.975792e-01 4.200418e-03 1.456701e-01 -4.518159e-01 -3.519146e-02 8.914168e-01 5.254191e+01
8.715073e-01 5.655207e-02 4.871107e-01 5.280852e-01 -6.685036e-02 9.977559e-01 3.767961e-03 1.428904e-01 -4.858045e-01 -3.584733e-02 8.733321e-01 5.276968e+01
8.515317e-01 5.571388e-02 5.213346e-01 6.949599e-01 -6.599948e-02 9.978190e-01 1.166776e-03 1.434768e-01 -5.201325e-01 -3.540136e-02 8.533516e-01 5.298530e+01
8.292548e-01 5.542076e-02 5.561160e-01 8.847529e-01 -6.596901e-02 9.978211e-01 -1.069719e-03 1.440731e-01 -5.549636e-01 -3.579935e-02 8.311040e-01 5.320164e+01
8.040569e-01 5.692176e-02 5.918213e-01 1.086108e+00 -6.812113e-02 9.976712e-01 -3.406329e-03 1.375578e-01 -5.906370e-01 -3.757665e-02 8.060620e-01 5.342478e+01
7.763973e-01 5.996730e-02 6.273844e-01 1.300999e+00 -7.175125e-02 9.974011e-01 -6.541396e-03 1.374679e-01 -6.261461e-01 -3.993689e-02 7.786823e-01 5.363917e+01
7.464194e-01 6.403433e-02 6.623879e-01 1.545551e+00 -7.610832e-02 9.970430e-01 -1.062256e-02 1.446587e-01 -6.611094e-01 -4.248434e-02 7.490858e-01 5.385507e+01
7.135880e-01 6.398940e-02 6.976371e-01 1.816962e+00 -7.811792e-02 9.968774e-01 -1.153261e-02 1.388207e-01 -6.961967e-01 -4.626844e-02 7.163584e-01 5.406359e+01
6.770555e-01 6.028886e-02 7.334583e-01 2.106559e+00 -7.905653e-02 9.968299e-01 -8.960395e-03 1.342557e-01 -7.316734e-01 -5.191799e-02 6.796754e-01 5.427666e+01
6.385452e-01 5.698269e-02 7.674718e-01 2.436456e+00 -7.985948e-02 9.967774e-01 -7.564017e-03 1.320921e-01 -7.654296e-01 -5.645993e-02 6.410380e-01 5.448324e+01
5.964849e-01 5.494732e-02 8.007413e-01 2.781441e+00 -8.154972e-02 9.966400e-01 -7.642316e-03 1.260125e-01 -7.984707e-01 -6.074170e-02 5.989616e-01 5.468439e+01
5.499394e-01 5.135388e-02 8.336243e-01 3.134943e+00 -8.102200e-02 9.966806e-01 -7.948693e-03 1.415234e-01 -8.312653e-01 -6.317060e-02 5.522748e-01 5.489125e+01
5.012502e-01 4.767061e-02 8.639883e-01 3.514360e+00 -8.241261e-02 9.965725e-01 -7.173569e-03 1.405001e-01 -8.613689e-01 -6.760777e-02 5.034608e-01 5.508912e+01
4.518379e-01 4.537674e-02 8.909453e-01 3.914907e+00 -8.576163e-02 9.962893e-01 -7.248480e-03 1.404932e-01 -8.879682e-01 -7.313378e-02 4.540529e-01 5.526973e+01
4.011141e-01 4.436950e-02 9.149529e-01 4.338918e+00 -9.052059e-02 9.958574e-01 -8.608759e-03 1.476529e-01 -9.115446e-01 -7.936899e-02 4.034688e-01 5.544014e+01
3.512927e-01 4.617507e-02 9.351264e-01 4.781601e+00 -9.541091e-02 9.953490e-01 -1.330639e-02 1.452919e-01 -9.313916e-01 -8.454682e-02 3.540644e-01 5.557583e+01
3.005265e-01 4.248850e-02 9.528266e-01 5.234399e+00 -9.548238e-02 9.953289e-01 -1.426812e-02 1.511973e-01 -9.489821e-01 -8.669021e-02 3.031796e-01 5.571464e+01
2.537489e-01 3.045630e-02 9.667905e-01 5.715367e+00 -9.445969e-02 9.955070e-01 -6.568561e-03 1.394458e-01 -9.626468e-01 -8.965596e-02 2.554857e-01 5.579957e+01
2.093269e-01 1.734705e-02 9.776918e-01 6.216082e+00 -9.633178e-02 9.953449e-01 2.964669e-03 1.227414e-01 -9.730891e-01 -9.480338e-02 2.100235e-01 5.586960e+01
1.674753e-01 6.509652e-03 9.858548e-01 6.738876e+00 -9.451839e-02 9.954779e-01 9.483426e-03 1.281117e-01 -9.813350e-01 -9.476965e-02 1.673332e-01 5.592664e+01
1.296390e-01 2.186528e-03 9.915589e-01 7.252815e+00 -9.266469e-02 9.956480e-01 9.919675e-03 1.404527e-01 -9.872219e-01 -9.316847e-02 1.292774e-01 5.596051e+01
9.719228e-02 -7.449177e-03 9.952377e-01 7.784745e+00 -9.018778e-02 9.957920e-01 1.626082e-02 1.469154e-01 -9.911709e-01 -9.133871e-02 9.611147e-02 5.598432e+01
6.836467e-02 -1.562059e-02 9.975381e-01 8.335551e+00 -9.081793e-02 9.956286e-01 2.181475e-02 1.571506e-01 -9.935182e-01 -9.208571e-02 6.664719e-02 5.600301e+01
4.394394e-02 -2.349797e-02 9.987576e-01 8.900793e+00 -9.177443e-02 9.954012e-01 2.745695e-02 1.697654e-01 -9.948097e-01 -9.286698e-02 4.158534e-02 5.600712e+01
2.376694e-02 -2.775560e-02 9.993322e-01 9.477356e+00 -9.268306e-02 9.952482e-01 2.984643e-02 1.839951e-01 -9.954120e-01 -9.333052e-02 2.108154e-02 5.600968e+01
6.024147e-03 -3.068932e-02 9.995108e-01 1.005842e+01 -9.118099e-02 9.953482e-01 3.111107e-02 2.030415e-01 -9.958161e-01 -9.132380e-02 3.197842e-03 5.602551e+01
-7.491450e-03 -3.108679e-02 9.994886e-01 1.066200e+01 -9.118440e-02 9.953737e-01 3.027535e-02 2.323895e-01 -9.958058e-01 -9.091097e-02 -1.029142e-02 5.601277e+01
-1.824837e-02 -3.093310e-02 9.993549e-01 1.126115e+01 -8.999129e-02 9.955153e-01 2.917100e-02 2.503186e-01 -9.957754e-01 -8.940091e-02 -2.095024e-02 5.598960e+01
-2.691520e-02 -3.696921e-02 9.989539e-01 1.187620e+01 -8.752143e-02 9.955655e-01 3.448569e-02 2.701375e-01 -9.957990e-01 -8.650169e-02 -3.003145e-02 5.593623e+01
-3.378142e-02 -4.177901e-02 9.985556e-01 1.250403e+01 -8.622497e-02 9.955224e-01 3.873508e-02 2.959750e-01 -9.957028e-01 -8.479190e-02 -3.723256e-02 5.591739e+01
-3.850070e-02 -4.236737e-02 9.983600e-01 1.314067e+01 -8.692347e-02 9.954555e-01 3.889200e-02 3.303992e-01 -9.954707e-01 -8.528354e-02 -4.200845e-02 5.589236e+01
-4.362585e-02 -3.970438e-02 9.982587e-01 1.379311e+01 -9.014626e-02 9.952904e-01 3.564675e-02 3.547773e-01 -9.949726e-01 -8.843417e-02 -4.699959e-02 5.587571e+01
-4.611942e-02 -3.757372e-02 9.982290e-01 1.445293e+01 -9.707764e-02 9.947310e-01 3.295695e-02 3.806296e-01 -9.942077e-01 -9.538577e-02 -4.952398e-02 5.584687e+01
-4.751177e-02 -3.863870e-02 9.981231e-01 1.513210e+01 -1.028923e-01 9.941253e-01 3.358615e-02 4.059473e-01 -9.935571e-01 -1.011035e-01 -5.120828e-02 5.580986e+01
-4.683396e-02 -4.089450e-02 9.980652e-01 1.581559e+01 -1.062549e-01 9.936968e-01 3.572952e-02 4.107555e-01 -9.932354e-01 -1.043759e-01 -5.088399e-02 5.575051e+01
-4.630843e-02 -4.374240e-02 9.979690e-01 1.650373e+01 -1.039043e-01 9.938326e-01 3.873966e-02 4.397755e-01 -9.935086e-01 -1.018993e-01 -5.056784e-02 5.570477e+01
-4.595249e-02 -4.420146e-02 9.979652e-01 1.719765e+01 -9.546170e-02 9.946428e-01 3.965866e-02 4.878266e-01 -9.943719e-01 -9.344504e-02 -4.992586e-02 5.567211e+01
-4.382702e-02 -4.465441e-02 9.980407e-01 1.789862e+01 -8.736642e-02 9.953446e-01 4.069726e-02 5.273981e-01 -9.952117e-01 -8.541161e-02 -4.752428e-02 5.563848e+01
-4.176439e-02 -4.545515e-02 9.980930e-01 1.861581e+01 -8.580500e-02 9.954371e-01 4.174375e-02 5.877926e-01 -9.954362e-01 -8.389796e-02 -4.547410e-02 5.560411e+01
-4.010997e-02 -4.448961e-02 9.982043e-01 1.935203e+01 -9.029910e-02 9.950818e-01 4.072203e-02 6.262426e-01 -9.951067e-01 -8.850359e-02 -4.393007e-02 5.558802e+01
-3.903320e-02 -4.321582e-02 9.983030e-01 2.008754e+01 -9.678512e-02 9.945304e-01 3.926825e-02 6.631816e-01 -9.945396e-01 -9.508811e-02 -4.300235e-02 5.555669e+01
-3.593854e-02 -4.157556e-02 9.984888e-01 2.082139e+01 -9.846701e-02 9.944198e-01 3.786201e-02 6.929151e-01 -9.944912e-01 -9.695750e-02 -3.983181e-02 5.553156e+01
-3.177780e-02 -4.925384e-02 9.982806e-01 2.154585e+01 -9.336042e-02 9.945646e-01 4.609860e-02 7.212013e-01 -9.951251e-01 -9.173499e-02 -3.620344e-02 5.548669e+01
-2.541359e-02 -5.066494e-02 9.983923e-01 2.227103e+01 -8.752493e-02 9.949924e-01 4.826450e-02 7.606721e-01 -9.958381e-01 -8.615764e-02 -2.972077e-02 5.542201e+01
-2.318318e-02 -4.386643e-02 9.987684e-01 2.300555e+01 -8.633646e-02 9.953924e-01 4.171413e-02 8.101939e-01 -9.959963e-01 -8.526306e-02 -2.686363e-02 5.541866e+01
-1.992277e-02 -3.916540e-02 9.990341e-01 2.373352e+01 -8.989754e-02 9.952551e-01 3.722451e-02 8.457837e-01 -9.957517e-01 -8.906909e-02 -2.334911e-02 5.541442e+01
-1.556186e-02 -4.240403e-02 9.989793e-01 2.447401e+01 -9.298766e-02 9.948318e-01 4.077944e-02 8.814587e-01 -9.955456e-01 -9.225815e-02 -1.942448e-02 5.541264e+01
-9.796479e-03 -4.848820e-02 9.987757e-01 2.520884e+01 -9.066513e-02 9.947526e-01 4.740360e-02 9.393896e-01 -9.958333e-01 -9.008974e-02 -1.414126e-02 5.536532e+01
-6.124354e-03 -4.828208e-02 9.988150e-01 2.593078e+01 -8.577712e-02 9.951776e-01 4.758030e-02 9.804573e-01 -9.962955e-01 -8.538407e-02 -1.023632e-02 5.534450e+01
-3.865682e-03 -4.425068e-02 9.990130e-01 2.666193e+01 -8.518407e-02 9.954038e-01 4.376120e-02 1.022598e+00 -9.963577e-01 -8.493083e-02 -7.617367e-03 5.537722e+01
5.225562e-04 -4.369990e-02 9.990446e-01 2.739808e+01 -8.589264e-02 9.953507e-01 4.358325e-02 1.056536e+00 -9.963043e-01 -8.583335e-02 -3.233373e-03 5.536378e+01
3.034939e-03 -4.758602e-02 9.988625e-01 2.813607e+01 -8.860437e-02 9.949257e-01 4.766768e-02 1.098577e+00 -9.960623e-01 -8.864825e-02 -1.196791e-03 5.537374e+01
6.049209e-03 -5.232321e-02 9.986119e-01 2.886833e+01 -8.818265e-02 9.947118e-01 5.265303e-02 1.132929e+00 -9.960860e-01 -8.837875e-02 1.403220e-03 5.540261e+01
1.043925e-02 -5.542974e-02 9.984080e-01 2.960128e+01 -8.696565e-02 9.946288e-01 5.612923e-02 1.183246e+00 -9.961566e-01 -8.741315e-02 5.562698e-03 5.539137e+01
1.376845e-02 -5.589121e-02 9.983419e-01 3.033361e+01 -8.689784e-02 9.945921e-01 5.687971e-02 1.234093e+00 -9.961221e-01 -8.753690e-02 8.837164e-03 5.538652e+01
1.745515e-02 -5.744090e-02 9.981963e-01 3.107087e+01 -8.801484e-02 9.943845e-01 5.876064e-02 1.289091e+00 -9.959662e-01 -8.888176e-02 1.230148e-02 5.539773e+01
2.128157e-02 -5.940363e-02 9.980072e-01 3.181001e+01 -8.878194e-02 9.941772e-01 6.106886e-02 1.338433e+00 -9.958237e-01 -8.990465e-02 1.588369e-02 5.540579e+01
2.413479e-02 -5.774977e-02 9.980393e-01 3.254652e+01 -8.841526e-02 9.942948e-01 5.967117e-02 1.396709e+00 -9.957913e-01 -8.968206e-02 1.889113e-02 5.542268e+01
2.877895e-02 -5.471314e-02 9.980873e-01 3.328740e+01 -8.618924e-02 9.946463e-01 5.700970e-02 1.450815e+00 -9.958630e-01 -8.766506e-02 2.390919e-02 5.540728e+01
3.185950e-02 -5.654640e-02 9.978915e-01 3.403012e+01 -8.608624e-02 9.945330e-01 5.910455e-02 1.495530e+00 -9.957782e-01 -8.778777e-02 2.681746e-02 5.541063e+01
3.430291e-02 -5.336413e-02 9.979858e-01 3.477664e+01 -8.666913e-02 9.946527e-01 5.616491e-02 1.536824e+00 -9.956464e-01 -8.842118e-02 2.949446e-02 5.543743e+01
3.699765e-02 -5.182564e-02 9.979706e-01 3.551929e+01 -8.589213e-02 9.947937e-01 5.484494e-02 1.589384e+00 -9.956173e-01 -8.774695e-02 3.235361e-02 5.546432e+01
3.976476e-02 -4.831253e-02 9.980404e-01 3.627386e+01 -8.617269e-02 9.949433e-01 5.159597e-02 1.629828e+00 -9.954863e-01 -8.805553e-02 3.540046e-02 5.549666e+01
4.304055e-02 -4.665823e-02 9.979832e-01 3.702623e+01 -8.471911e-02 9.951406e-01 5.017906e-02 1.666334e+00 -9.954749e-01 -8.670798e-02 3.887855e-02 5.553167e+01
4.639195e-02 -4.580224e-02 9.978727e-01 3.777858e+01 -8.110916e-02 9.954771e-01 4.946312e-02 1.712598e+00 -9.956250e-01 -8.323130e-02 4.246714e-02 5.557189e+01
4.826034e-02 -4.614576e-02 9.977683e-01 3.853836e+01 -7.985479e-02 9.955564e-01 4.990591e-02 1.744324e+00 -9.956376e-01 -8.208505e-02 4.436093e-02 5.562312e+01
5.106042e-02 -3.980784e-02 9.979019e-01 3.930031e+01 -7.746982e-02 9.960366e-01 4.369739e-02 1.808848e+00 -9.956863e-01 -7.953849e-02 4.777414e-02 5.567018e+01
5.365204e-02 -3.635985e-02 9.978975e-01 4.007121e+01 -7.830486e-02 9.961063e-01 4.050465e-02 1.855450e+00 -9.954847e-01 -8.031338e-02 5.059598e-02 5.572287e+01
5.632697e-02 -3.869011e-02 9.976624e-01 4.084633e+01 -7.787841e-02 9.960341e-01 4.302389e-02 1.887430e+00 -9.953704e-01 -8.011977e-02 5.309046e-02 5.577636e+01
6.018155e-02 -3.822622e-02 9.974552e-01 4.162268e+01 -7.696461e-02 9.961140e-01 4.281849e-02 1.924651e+00 -9.952159e-01 -7.934564e-02 5.700561e-02 5.582874e+01
6.104881e-02 -3.287552e-02 9.975932e-01 4.240336e+01 -7.687364e-02 9.963339e-01 3.753838e-02 1.957137e+00 -9.951701e-01 -7.898030e-02 5.829774e-02 5.591917e+01
6.549783e-02 -3.257336e-02 9.973209e-01 4.319338e+01 -7.880097e-02 9.961768e-01 3.771115e-02 2.002629e+00 -9.947364e-01 -8.105986e-02 6.268061e-02 5.597404e+01
6.940177e-02 -3.301030e-02 9.970425e-01 4.399973e+01 -7.905226e-02 9.961274e-01 3.848264e-02 2.030987e+00 -9.944517e-01 -8.148923e-02 6.652347e-02 5.604936e+01
7.408716e-02 -2.903331e-02 9.968291e-01 4.477525e+01 -7.574426e-02 9.965249e-01 3.465398e-02 2.065187e+00 -9.943711e-01 -7.807149e-02 7.163059e-02 5.611813e+01
8.034751e-02 -2.771551e-02 9.963815e-01 4.556591e+01 -6.728944e-02 9.971822e-01 3.316396e-02 2.100603e+00 -9.944930e-01 -6.971060e-02 7.825614e-02 5.618897e+01
8.791085e-02 -2.769775e-02 9.957432e-01 4.637006e+01 -6.271558e-02 9.974763e-01 3.328291e-02 2.139397e+00 -9.941521e-01 -6.537454e-02 8.595192e-02 5.625348e+01
9.384794e-02 -2.352510e-02 9.953086e-01 4.718404e+01 -6.078654e-02 9.977203e-01 2.931369e-02 2.169167e+00 -9.937291e-01 -6.325239e-02 9.220398e-02 5.635202e+01
1.011269e-01 -2.035221e-02 9.946653e-01 4.797782e+01 -6.362294e-02 9.976119e-01 2.688100e-02 2.194986e+00 -9.928371e-01 -6.600192e-02 9.959056e-02 5.643306e+01
1.109836e-01 -2.302787e-02 9.935554e-01 4.879204e+01 -6.360799e-02 9.975172e-01 3.022492e-02 2.255234e+00 -9.917846e-01 -6.655254e-02 1.092433e-01 5.650430e+01
1.184829e-01 -2.244306e-02 9.927024e-01 4.960573e+01 -6.726319e-02 9.972667e-01 3.057437e-02 2.286121e+00 -9.906753e-01 -7.039488e-02 1.166494e-01 5.661050e+01
1.257754e-01 -2.055887e-02 9.918457e-01 5.042174e+01 -7.321566e-02 9.968664e-01 2.994737e-02 2.318743e+00 -9.893533e-01 -7.638528e-02 1.238760e-01 5.672623e+01
1.325689e-01 -1.791834e-02 9.910118e-01 5.123272e+01 -8.142560e-02 9.962602e-01 2.890564e-02 2.348398e+00 -9.878235e-01 -8.452572e-02 1.306141e-01 5.685016e+01
1.416184e-01 -1.717804e-02 9.897723e-01 5.205990e+01 -8.476978e-02 9.959663e-01 2.941455e-02 2.353460e+00 -9.862851e-01 -8.806841e-02 1.395910e-01 5.693283e+01
1.500229e-01 -1.675560e-02 9.885405e-01 5.284920e+01 -8.422405e-02 9.960052e-01 2.966414e-02 2.359604e+00 -9.850885e-01 -8.770919e-02 1.480124e-01 5.702794e+01
1.579076e-01 -1.827134e-02 9.872848e-01 5.364020e+01 -7.686325e-02 9.965678e-01 3.073674e-02 2.393384e+00 -9.844578e-01 -8.073949e-02 1.559612e-01 5.713770e+01
1.645478e-01 -1.773253e-02 9.862097e-01 5.442517e+01 -7.340535e-02 9.968457e-01 3.017135e-02 2.422017e+00 -9.836339e-01 -7.735770e-02 1.627271e-01 5.725206e+01
1.689185e-01 -1.584269e-02 9.855027e-01 5.518408e+01 -7.108027e-02 9.970715e-01 2.821207e-02 2.443109e+00 -9.830637e-01 -7.481534e-02 1.672977e-01 5.740164e+01
1.730301e-01 -1.287145e-02 9.848324e-01 5.594629e+01 -7.223659e-02 9.970558e-01 2.572281e-02 2.472705e+00 -9.822639e-01 -7.559175e-02 1.715909e-01 5.756069e+01
1.784978e-01 -1.796819e-02 9.837762e-01 5.672136e+01 -7.348155e-02 9.967978e-01 3.153862e-02 2.502754e+00 -9.811926e-01 -7.791898e-02 1.766059e-01 5.769744e+01
1.824755e-01 -1.790921e-02 9.830473e-01 5.746383e+01 -8.015338e-02 9.962352e-01 3.302772e-02 2.527190e+00 -9.799378e-01 -8.482131e-02 1.803530e-01 5.784363e+01
1.852393e-01 -1.485593e-02 9.825811e-01 5.821108e+01 -8.703207e-02 9.957086e-01 3.146197e-02 2.548280e+00 -9.788319e-01 -9.134406e-02 1.831514e-01 5.799483e+01
1.894508e-01 -1.366855e-02 9.817951e-01 5.895116e+01 -9.104871e-02 9.953504e-01 3.142636e-02 2.588045e+00 -9.776597e-01 -9.534492e-02 1.873254e-01 5.813952e+01
1.927639e-01 -1.268334e-02 9.811632e-01 5.967444e+01 -9.158062e-02 9.953194e-01 3.085870e-02 2.610423e+00 -9.769622e-01 -9.580398e-02 1.907001e-01 5.828821e+01
1.948041e-01 -1.063883e-02 9.807845e-01 6.038804e+01 -9.008611e-02 9.955206e-01 2.869164e-02 2.633612e+00 -9.766964e-01 -9.394430e-02 1.929731e-01 5.843269e+01
1.964364e-01 -6.385412e-03 9.804958e-01 6.109023e+01 -8.746596e-02 9.958781e-01 2.400886e-02 2.651804e+00 -9.766076e-01 -9.047622e-02 1.950682e-01 5.857984e+01
1.973195e-01 -4.134503e-03 9.803305e-01 6.178019e+01 -8.400265e-02 9.962419e-01 2.110954e-02 2.663963e+00 -9.767336e-01 -8.651569e-02 1.962307e-01 5.873612e+01
1.999900e-01 -4.809668e-03 9.797861e-01 6.246214e+01 -7.972281e-02 9.965924e-01 2.116486e-02 2.670977e+00 -9.765492e-01 -8.234407e-02 1.989250e-01 5.886312e+01
2.002316e-01 -5.630201e-03 9.797324e-01 6.313099e+01 -7.710646e-02 9.967913e-01 2.148677e-02 2.696988e+00 -9.767097e-01 -7.984603e-02 1.991550e-01 5.903024e+01
2.029715e-01 -3.901372e-03 9.791769e-01 6.380218e+01 -7.790203e-02 9.967580e-01 2.011957e-02 2.720995e+00 -9.760808e-01 -8.036356e-02 2.020096e-01 5.915280e+01
2.035190e-01 -3.210725e-03 9.790657e-01 6.446346e+01 -8.076579e-02 9.965313e-01 2.005684e-02 2.740338e+00 -9.757340e-01 -8.315696e-02 2.025538e-01 5.928521e+01
2.035054e-01 -1.564489e-03 9.790726e-01 6.511359e+01 -8.400244e-02 9.962834e-01 1.905234e-02 2.739009e+00 -9.754636e-01 -8.612174e-02 2.026176e-01 5.943206e+01
2.043962e-01 -2.178356e-03 9.788858e-01 6.575491e+01 -8.532290e-02 9.961519e-01 2.003262e-02 2.748060e+00 -9.751626e-01 -8.761597e-02 2.034238e-01 5.955278e+01
2.030290e-01 -2.107603e-03 9.791705e-01 6.638477e+01 -8.617136e-02 9.960793e-01 2.001145e-02 2.760494e+00 -9.753736e-01 -8.843935e-02 2.020513e-01 5.968164e+01
2.002337e-01 -5.465965e-04 9.797480e-01 6.700443e+01 -8.552863e-02 9.961725e-01 1.803547e-02 2.772890e+00 -9.760079e-01 -8.740781e-02 1.994205e-01 5.981839e+01
1.971927e-01 1.079057e-03 9.803642e-01 6.762541e+01 -8.323103e-02 9.964075e-01 1.564456e-02 2.779154e+00 -9.768253e-01 -8.468171e-02 1.965741e-01 5.996402e+01
1.943799e-01 -9.132816e-04 9.809259e-01 6.819984e+01 -7.940164e-02 9.967034e-01 1.666217e-02 2.782322e+00 -9.777074e-01 -8.112592e-02 1.936666e-01 6.008621e+01
1.952550e-01 -1.628799e-03 9.807512e-01 6.881159e+01 -7.751281e-02 9.968449e-01 1.708733e-02 2.795981e+00 -9.776846e-01 -7.935717e-02 1.945127e-01 6.016560e+01
1.942072e-01 -8.143076e-04 9.809602e-01 6.939486e+01 -7.870700e-02 9.967627e-01 1.640957e-02 2.814533e+00 -9.777979e-01 -8.039529e-02 1.935144e-01 6.026363e+01
1.905699e-01 -5.934904e-04 9.816734e-01 6.997080e+01 -8.188752e-02 9.965050e-01 1.649908e-02 2.825767e+00 -9.782523e-01 -8.353103e-02 1.898553e-01 6.039726e+01
1.852036e-01 1.051753e-03 9.826996e-01 7.053326e+01 -8.564927e-02 9.962113e-01 1.507560e-02 2.827253e+00 -9.789606e-01 -8.695956e-02 1.845920e-01 6.053194e+01
1.834231e-01 -3.788996e-03 9.830268e-01 7.108704e+01 -8.561055e-02 9.961316e-01 1.981359e-02 2.833980e+00 -9.792991e-01 -8.779173e-02 1.823891e-01 6.062191e+01
1.809261e-01 -6.342605e-03 9.834762e-01 7.163463e+01 -8.321824e-02 9.962943e-01 2.173459e-02 2.836785e+00 -9.799696e-01 -8.577552e-02 1.797278e-01 6.070882e+01
1.779719e-01 -9.481892e-03 9.839899e-01 7.217639e+01 -7.978112e-02 9.965227e-01 2.403248e-02 2.844457e+00 -9.807961e-01 -8.278092e-02 1.765966e-01 6.080823e+01
1.744152e-01 -7.443505e-03 9.846441e-01 7.270711e+01 -7.824647e-02 9.967044e-01 2.139489e-02 2.853806e+00 -9.815584e-01 -8.077652e-02 1.732580e-01 6.093754e+01
1.729489e-01 -6.828375e-03 9.849071e-01 7.324483e+01 -7.611168e-02 9.968931e-01 2.027662e-02 2.863808e+00 -9.819856e-01 -7.846976e-02 1.718918e-01 6.102720e+01
1.718353e-01 -8.581662e-03 9.850883e-01 7.378916e+01 -7.754762e-02 9.967412e-01 2.221031e-02 2.868957e+00 -9.820687e-01 -8.020777e-02 1.706099e-01 6.112220e+01
1.728319e-01 -1.581970e-02 9.848243e-01 7.433027e+01 -7.596876e-02 9.966784e-01 2.934227e-02 2.900059e+00 -9.820173e-01 -7.988716e-02 1.710560e-01 6.121187e+01
1.745348e-01 -2.041012e-02 9.844395e-01 7.487408e+01 -7.520401e-02 9.965885e-01 3.399519e-02 2.932440e+00 -9.817749e-01 -7.996713e-02 1.724044e-01 6.130505e+01
1.768881e-01 -2.339370e-02 9.839529e-01 7.542212e+01 -7.434154e-02 9.965441e-01 3.705765e-02 2.959514e+00 -9.814194e-01 -7.970363e-02 1.745376e-01 6.140223e+01
1.798656e-01 -1.981681e-02 9.834916e-01 7.597555e+01 -7.544431e-02 9.965744e-01 3.387803e-02 2.977918e+00 -9.807938e-01 -8.029233e-02 1.777544e-01 6.150421e+01
1.845810e-01 -1.921363e-02 9.826295e-01 7.652202e+01 -7.535750e-02 9.965889e-01 3.364203e-02 3.003297e+00 -9.799240e-01 -8.025818e-02 1.825035e-01 6.162043e+01
1.908945e-01 -2.077149e-02 9.813908e-01 7.707859e+01 -7.583259e-02 9.964762e-01 3.584129e-02 3.030753e+00 -9.786770e-01 -8.126331e-02 1.886467e-01 6.174460e+01
1.983071e-01 -1.869808e-02 9.799616e-01 7.765324e+01 -7.674936e-02 9.964518e-01 3.454388e-02 3.052023e+00 -9.771304e-01 -8.206172e-02 1.961684e-01 6.188051e+01
2.057975e-01 -1.865695e-02 9.784167e-01 7.821148e+01 -7.843381e-02 9.962872e-01 3.549526e-02 3.075489e+00 -9.754463e-01 -8.404579e-02 2.035701e-01 6.201606e+01
2.162001e-01 -1.468580e-02 9.762386e-01 7.877959e+01 -7.920388e-02 9.963276e-01 3.252868e-02 3.105831e+00 -9.731312e-01 -8.435459e-02 2.142429e-01 6.213275e+01
2.258678e-01 -1.289705e-02 9.740726e-01 7.937761e+01 -8.013764e-02 9.962773e-01 3.177335e-02 3.113191e+00 -9.708562e-01 -8.523646e-02 2.239934e-01 6.226300e+01
2.344378e-01 -7.539843e-03 9.721019e-01 7.994296e+01 -7.905045e-02 9.965105e-01 2.679343e-02 3.130887e+00 -9.689117e-01 -8.312648e-02 2.330237e-01 6.242298e+01
2.435485e-01 -3.021481e-03 9.698840e-01 8.054900e+01 -7.829877e-02 9.966699e-01 2.276660e-02 3.146259e+00 -9.667230e-01 -8.148550e-02 2.425009e-01 6.258451e+01
2.545206e-01 1.354933e-03 9.670664e-01 8.115089e+01 -7.721602e-02 9.968347e-01 1.892571e-02 3.168046e+00 -9.639798e-01 -7.949000e-02 2.538196e-01 6.273475e+01
2.636173e-01 3.495823e-03 9.646210e-01 8.175532e+01 -7.620581e-02 9.969435e-01 1.721301e-02 3.176975e+00 -9.616125e-01 -7.804738e-02 2.630780e-01 6.292487e+01
2.729522e-01 7.159459e-03 9.620010e-01 8.236557e+01 -7.657767e-02 9.969610e-01 1.430803e-02 3.196420e+00 -9.589750e-01 -7.757320e-02 2.726709e-01 6.312595e+01
2.822993e-01 6.580526e-03 9.593038e-01 8.299349e+01 -7.401865e-02 9.971449e-01 1.494175e-02 3.243719e+00 -9.564666e-01 -7.522442e-02 2.819804e-01 6.333230e+01
2.930671e-01 1.152968e-02 9.560224e-01 8.363702e+01 -7.439502e-02 9.971706e-01 1.077974e-02 3.270860e+00 -9.531931e-01 -7.428249e-02 2.930956e-01 6.353762e+01
3.028025e-01 1.257664e-02 9.529704e-01 8.429666e+01 -7.867661e-02 9.968298e-01 1.184371e-02 3.283100e+00 -9.498003e-01 -7.856278e-02 3.028320e-01 6.376926e+01
3.133446e-01 8.642347e-03 9.496002e-01 8.496631e+01 -8.290760e-02 9.963894e-01 1.828929e-02 3.301459e+00 -9.460135e-01 -8.445992e-02 3.129298e-01 6.399952e+01
3.248266e-01 5.397995e-03 9.457582e-01 8.565085e+01 -8.530404e-02 9.960751e-01 2.361302e-02 3.328004e+00 -9.419187e-01 -8.834713e-02 3.240121e-01 6.422850e+01
3.353146e-01 6.474739e-03 9.420840e-01 8.633880e+01 -8.826969e-02 9.957934e-01 2.457383e-02 3.355676e+00 -9.379619e-01 -9.139743e-02 3.344756e-01 6.448675e+01
3.449634e-01 7.338104e-04 9.386158e-01 8.704545e+01 -8.602204e-02 9.958159e-01 3.083660e-02 3.379680e+00 -9.346659e-01 -9.137915e-02 3.435832e-01 6.475078e+01
3.548979e-01 -5.492494e-03 9.348889e-01 8.776807e+01 -8.616269e-02 9.955347e-01 3.855744e-02 3.419276e+00 -9.309262e-01 -9.423649e-02 3.528399e-01 6.496926e+01
3.607509e-01 -1.589275e-02 9.325268e-01 8.849177e+01 -8.840949e-02 9.947698e-01 5.115503e-02 3.461654e+00 -9.284625e-01 -1.008984e-01 3.574591e-01 6.526251e+01
3.680259e-01 -2.088442e-02 9.295810e-01 8.921303e+01 -8.822003e-02 9.944534e-01 5.726864e-02 3.512748e+00 -9.256209e-01 -1.030840e-01 3.641422e-01 6.554809e+01
3.752561e-01 -2.218617e-02 9.266556e-01 8.993272e+01 -8.628620e-02 9.945364e-01 5.875363e-02 3.557366e+00 -9.228963e-01 -1.020053e-01 3.712915e-01 6.584546e+01
3.831671e-01 -2.447128e-02 9.233548e-01 9.064827e+01 -7.753183e-02 9.952691e-01 5.855079e-02 3.613304e+00 -9.204194e-01 -9.402413e-02 3.794570e-01 6.613463e+01
3.898539e-01 -2.800119e-02 9.204509e-01 9.135951e+01 -6.936830e-02 9.958047e-01 5.967426e-02 3.678598e+00 -9.182603e-01 -8.711436e-02 3.862760e-01 6.645937e+01
3.952049e-01 -2.618147e-02 9.182198e-01 9.206792e+01 -6.832383e-02 9.959871e-01 5.780568e-02 3.736073e+00 -9.160486e-01 -8.558138e-02 3.918302e-01 6.677464e+01
3.996252e-01 -1.928097e-02 9.164758e-01 9.276421e+01 -7.199883e-02 9.960300e-01 5.234942e-02 3.787825e+00 -9.138467e-01 -8.690534e-02 3.966505e-01 6.709615e+01
4.035058e-01 -1.254438e-02 9.148911e-01 9.345238e+01 -7.381152e-02 9.962009e-01 4.621326e-02 3.822662e+00 -9.119950e-01 -8.617681e-02 4.010469e-01 6.742105e+01
4.065006e-01 -1.179115e-02 9.135744e-01 9.413029e+01 -7.096591e-02 9.964884e-01 4.443801e-02 3.862384e+00 -9.108903e-01 -8.289672e-02 4.042364e-01 6.774065e+01
4.114761e-01 -8.628753e-03 9.113797e-01 9.482063e+01 -6.953379e-02 9.967437e-01 4.083056e-02 3.890385e+00 -9.087643e-01 -8.017249e-02 4.095362e-01 6.803915e+01
4.150146e-01 -5.308114e-03 9.097993e-01 9.547151e+01 -6.901048e-02 9.969185e-01 3.729627e-02 3.920289e+00 -9.071937e-01 -7.826418e-02 4.133694e-01 6.834850e+01
4.189681e-01 -4.384816e-03 9.079904e-01 9.613128e+01 -7.111757e-02 9.967579e-01 3.762881e-02 3.955802e+00 -9.052116e-01 -8.033934e-02 4.172979e-01 6.866515e+01
4.216557e-01 -5.428988e-03 9.067398e-01 9.678558e+01 -7.322500e-02 9.965123e-01 4.001787e-02 3.989193e+00 -9.037945e-01 -8.326978e-02 4.197875e-01 6.899728e+01
4.250398e-01 -4.370190e-03 9.051641e-01 9.742051e+01 -7.654384e-02 9.962330e-01 4.075273e-02 4.010341e+00 -9.019325e-01 -8.660627e-02 4.231042e-01 6.929565e+01
4.276214e-01 -3.286500e-03 9.039520e-01 9.806172e+01 -7.853125e-02 9.960776e-01 4.077125e-02 4.033287e+00 -9.005403e-01 -8.842313e-02 4.256860e-01 6.962449e+01
4.312240e-01 -1.261503e-03 9.022440e-01 9.866114e+01 -7.842687e-02 9.961615e-01 3.887663e-02 4.057520e+00 -8.988298e-01 -8.752471e-02 4.294698e-01 6.991814e+01
4.342926e-01 -1.649102e-03 9.007704e-01 9.927293e+01 -7.696706e-02 9.962732e-01 3.893243e-02 4.082944e+00 -8.974776e-01 -8.623771e-02 4.325471e-01 7.020333e+01
4.373161e-01 -3.696022e-03 8.993003e-01 9.988276e+01 -7.820735e-02 9.960467e-01 4.212469e-02 4.092630e+00 -8.959008e-01 -8.875370e-02 4.352982e-01 7.048353e+01
4.385484e-01 -4.642316e-03 8.986956e-01 1.004747e+02 -7.791742e-02 9.960248e-01 4.316748e-02 4.117439e+00 -8.953235e-01 -8.895507e-02 4.364434e-01 7.077473e+01
4.400279e-01 -2.672895e-03 8.979801e-01 1.010558e+02 -7.926785e-02 9.959763e-01 4.180738e-02 4.143114e+00 -8.944787e-01 -8.957737e-02 4.380454e-01 7.107080e+01
4.426324e-01 -3.913699e-03 8.966946e-01 1.016351e+02 -7.886530e-02 9.959455e-01 4.327690e-02 4.166406e+00 -8.932283e-01 -8.987385e-02 4.405290e-01 7.135124e+01
4.452305e-01 -3.019295e-03 8.954109e-01 1.021971e+02 -7.781362e-02 9.960807e-01 4.205048e-02 4.189741e+00 -8.920285e-01 -8.839732e-02 4.432505e-01 7.163547e+01
4.480398e-01 -5.571786e-03 8.939963e-01 1.027506e+02 -7.552317e-02 9.961702e-01 4.405816e-02 4.209250e+00 -8.908180e-01 -8.725724e-02 4.459031e-01 7.190378e+01
4.510854e-01 -8.059659e-03 8.924444e-01 1.032951e+02 -7.378459e-02 9.961993e-01 4.629104e-02 4.240350e+00 -8.894255e-01 -8.672986e-02 4.487763e-01 7.218657e+01
4.535235e-01 -9.797189e-03 8.911905e-01 1.038282e+02 -7.294760e-02 9.961765e-01 4.807410e-02 4.264305e+00 -8.882539e-01 -8.681294e-02 4.510748e-01 7.246950e+01
4.584345e-01 -1.252814e-02 8.886399e-01 1.043653e+02 -7.069593e-02 9.962180e-01 5.051564e-02 4.311717e+00 -8.859119e-01 -8.598133e-02 4.558150e-01 7.273027e+01
4.617233e-01 -1.283571e-02 8.869311e-01 1.048886e+02 -7.050201e-02 9.962009e-01 5.111938e-02 4.334651e+00 -8.842178e-01 -8.613344e-02 4.590643e-01 7.299863e+01
4.651414e-01 -1.343511e-02 8.851344e-01 1.054010e+02 -7.072264e-02 9.961248e-01 5.228480e-02 4.361206e+00 -8.824068e-01 -8.691887e-02 4.623887e-01 7.327877e+01
