9.999985e-01 5.541264e-04 1.645784e-03 -3.111559e-03 -5.460376e-04 9.999878e-01 -4.911226e-03 2.479661e-03 -1.648486e-03 4.910320e-03 9.999866e-01 9.617678e-01
9.999950e-01 -2.603416e-03 1.773308e-03 1.132890e-02 2.612800e-03 9.999825e-01 -5.310508e-03 4.785897e-03 -1.759451e-03 5.315115e-03 9.999843e-01 1.924847e+00
9.999905e-01 -4.062003e-03 1.602368e-03 1.892978e-02 4.064257e-03 9.999908e-01 -1.406249e-03 7.803726e-03 -1.596641e-03 1.412748e-03 9.999977e-01 2.888084e+00
9.999829e-01 -5.817466e-03 6.614714e-04 3.218938e-02 5.814165e-03 9.999712e-01 4.887476e-03 1.545361e-03 -6.898851e-04 -4.883546e-03 9.999878e-01 3.848326e+00
9.999521e-01 -9.615531e-03 -1.840410e-03 5.260584e-02 9.623562e-03 9.999440e-01 4.405518e-03 1.398848e-02 1.797946e-03 -4.423018e-03 9.999886e-01 4.806307e+00
9.999433e-01 -1.038130e-02 -2.378326e-03 4.227602e-02 1.038621e-02 9.999439e-01 2.058351e-03 1.911275e-02 2.356824e-03 -2.082936e-03 9.999951e-01 5.738710e+00
9.999175e-01 -1.232681e-02 -3.620002e-03 3.931448e-02 1.232539e-02 9.999240e-01 -4.146613e-04 6.781211e-03 3.624838e-03 3.700091e-04 9.999934e-01 6.676124e+00
9.999149e-01 -1.227154e-02 -4.427602e-03 2.912556e-02 1.226930e-02 9.999246e-01 -5.320924e-04 -3.691978e-03 4.433798e-03 4.777235e-04 9.999901e-01 7.605875e+00
9.999126e-01 -1.187763e-02 -5.809909e-03 2.730190e-02 1.188890e-02 9.999275e-01 1.909169e-03 -1.311726e-02 5.786811e-03 -1.978075e-03 9.999813e-01 8.535232e+00
9.998966e-01 -1.226536e-02 -7.504774e-03 3.009867e-02 1.230454e-02 9.999108e-01 5.197020e-03 -1.432687e-02 7.440361e-03 -5.288826e-03 9.999583e-01 9.465697e+00
9.998581e-01 -1.341262e-02 -1.019005e-02 3.765869e-02 1.348627e-02 9.998832e-01 7.193545e-03 -1.078431e-02 1.009238e-02 -7.329950e-03 9.999222e-01 1.038881e+01
9.998258e-01 -1.606067e-02 -9.507134e-03 1.715167e-03 1.613390e-02 9.998404e-01 7.676980e-03 -1.195482e-02 9.382319e-03 -7.829030e-03 9.999253e-01 1.133884e+01
9.997992e-01 -1.721618e-02 -1.025296e-02 -1.550883e-02 1.729553e-02 9.998208e-01 7.702001e-03 -2.551946e-03 1.011853e-02 -7.877785e-03 9.999178e-01 1.222264e+01
9.997843e-01 -1.751599e-02 -1.115565e-02 -2.712650e-02 1.758622e-02 9.998259e-01 6.228690e-03 9.895519e-03 1.104461e-02 -6.423532e-03 9.999184e-01 1.313240e+01
9.997671e-01 -1.791157e-02 -1.203536e-02 -5.180999e-02 1.796384e-02 9.998296e-01 4.249095e-03 1.798190e-02 1.195720e-02 -4.464307e-03 9.999185e-01 1.404027e+01
9.997330e-01 -1.925056e-02 -1.277706e-02 -7.983942e-02 1.930124e-02 9.998063e-01 3.854829e-03 6.749245e-03 1.270038e-02 -4.100414e-03 9.999109e-01 1.494404e+01
9.997212e-01 -1.872705e-02 -1.438233e-02 -1.097147e-01 1.877503e-02 9.998186e-01 3.208363e-03 3.676262e-03 1.431964e-02 -3.477497e-03 9.998914e-01 1.584446e+01
9.997252e-01 -1.694408e-02 -1.620004e-02 -1.163609e-01 1.698133e-02 9.998535e-01 2.164539e-03 1.606310e-02 1.616099e-02 -2.439042e-03 9.998664e-01 1.674139e+01
9.997099e-01 -1.613851e-02 -1.788023e-02 -1.395073e-01 1.620698e-02 9.998618e-01 3.691081e-03 5.877254e-05 1.781819e-02 -3.979794e-03 9.998333e-01 1.763288e+01
9.996790e-01 -1.636962e-02 -1.933657e-02 -1.583362e-01 1.645745e-02 9.998549e-01 4.391728e-03 9.495341e-03 1.926187e-02 -4.708549e-03 9.998034e-01 1.852482e+01
9.996611e-01 -1.571672e-02 -2.075171e-02 -1.784450e-01 1.582948e-02 9.998608e-01 5.280457e-03 2.273996e-02 2.066583e-02 -5.607156e-03 9.997707e-01 1.941208e+01
9.996240e-01 -1.596598e-02 -2.229051e-02 -1.982745e-01 1.609988e-02 9.998533e-01 5.840570e-03 2.780891e-02 2.219399e-02 -6.197249e-03 9.997345e-01 2.029268e+01
9.995473e-01 -1.720418e-02 -2.468077e-02 -2.124693e-01 1.739122e-02 9.998215e-01 7.383672e-03 1.583872e-02 2.454934e-02 -7.809558e-03 9.996681e-01 2.116681e+01
9.995070e-01 -1.744391e-02 -2.610519e-02 -2.432197e-01 1.761962e-02 9.998235e-01 6.515941e-03 3.094494e-02 2.598692e-02 -6.972692e-03 9.996380e-01 2.203536e+01
9.994515e-01 -1.873391e-02 -2.730938e-02 -2.764659e-01 1.892535e-02 9.997980e-01 6.768370e-03 3.807433e-02 2.717707e-02 -7.281497e-03 9.996041e-01 2.289790e+01
9.993813e-01 -1.946194e-02 -2.929644e-02 -2.904614e-01 1.972503e-02 9.997674e-01 8.718088e-03 4.913507e-02 2.911996e-02 -9.290567e-03 9.995327e-01 2.375480e+01
9.993609e-01 -2.071597e-02 -2.913213e-02 -3.272932e-01 2.105451e-02 9.997138e-01 1.136274e-02 5.630473e-02 2.888840e-02 -1.196884e-02 9.995110e-01 2.461189e+01
9.993840e-01 -1.955230e-02 -2.914201e-02 -3.705559e-01 1.995289e-02 9.997095e-01 1.351906e-02 6.199162e-02 2.886922e-02 -1.409220e-02 9.994839e-01 2.543764e+01
9.994033e-01 -1.831727e-02 -2.928410e-02 -4.163599e-01 1.870508e-02 9.997402e-01 1.302429e-02 6.208424e-02 2.903792e-02 -1.356428e-02 9.994863e-01 2.626062e+01
9.993904e-01 -1.746434e-02 -3.022820e-02 -4.493589e-01 1.778594e-02 9.997877e-01 1.040317e-02 7.650036e-02 3.004010e-02 -1.093447e-02 9.994889e-01 2.707428e+01
9.993621e-01 -1.683372e-02 -3.149553e-02 -4.625917e-01 1.711994e-02 9.998144e-01 8.840276e-03 7.908139e-02 3.134087e-02 -9.373839e-03 9.994648e-01 2.787108e+01
9.993591e-01 -1.586121e-02 -3.209071e-02 -5.060568e-01 1.613745e-02 9.998348e-01 8.367429e-03 9.001734e-02 3.195269e-02 -8.879928e-03 9.994499e-01 2.866275e+01
9.993251e-01 -1.592715e-02 -3.310101e-02 -5.346996e-01 1.619639e-02 9.998378e-01 7.881466e-03 9.774048e-02 3.297011e-02 -8.412264e-03 9.994209e-01 2.944767e+01
9.992796e-01 -1.506582e-02 -3.483141e-02 -5.685759e-01 1.530792e-02 9.998604e-01 6.694514e-03 1.067847e-01 3.472569e-02 -7.222888e-03 9.993708e-01 3.021916e+01
9.992182e-01 -1.527018e-02 -3.646689e-02 -6.080568e-01 1.553510e-02 9.998549e-01 6.992399e-03 1.054085e-01 3.635482e-02 -7.553449e-03 9.993104e-01 3.098508e+01
9.991744e-01 -1.491704e-02 -3.778759e-02 -6.510937e-01 1.524822e-02 9.998477e-01 8.491452e-03 1.065720e-01 3.765516e-02 -9.060635e-03 9.992497e-01 3.174437e+01
9.991064e-01 -1.480958e-02 -3.958648e-02 -6.840507e-01 1.524672e-02 9.998258e-01 1.076350e-02 1.127222e-01 3.942018e-02 -1.135744e-02 9.991582e-01 3.248826e+01
9.990419e-01 -1.318238e-02 -4.173183e-02 -7.072164e-01 1.369769e-02 9.998331e-01 1.208644e-02 1.217442e-01 4.156554e-02 -1.264649e-02 9.990557e-01 3.322599e+01
9.988797e-01 -1.243369e-02 -4.565997e-02 -7.182480e-01 1.308074e-02 9.998178e-01 1.389957e-02 1.072075e-01 4.547883e-02 -1.448126e-02 9.988603e-01 3.395411e+01
9.988464e-01 -9.841390e-03 -4.700024e-02 -7.637255e-01 1.047437e-02 9.998575e-01 1.324043e-02 1.130799e-01 4.686324e-02 -1.371746e-02 9.988071e-01 3.469505e+01
9.987510e-01 -8.589065e-03 -4.921976e-02 -8.035557e-01 9.211697e-03 9.998802e-01 1.243720e-02 1.247709e-01 4.910704e-02 -1.287506e-02 9.987105e-01 3.538452e+01
9.986925e-01 -7.526788e-03 -5.056378e-02 -8.424741e-01 8.166196e-03 9.998891e-01 1.245091e-02 1.586011e-01 5.046446e-02 -1.284755e-02 9.986432e-01 3.607612e+01
9.986543e-01 -6.744284e-03 -5.142056e-02 -8.910864e-01 7.501675e-03 9.998660e-01 1.455058e-02 1.668238e-01 5.131554e-02 -1.491674e-02 9.985711e-01 3.676291e+01
9.986708e-01 -3.852464e-03 -5.139763e-02 -9.376371e-01 4.624164e-03 9.998782e-01 1.490386e-02 1.803067e-01 5.133396e-02 -1.512172e-02 9.985671e-01 3.743819e+01
9.987469e-01 -1.182779e-03 -5.003299e-02 -9.926425e-01 1.883273e-03 9.999008e-01 1.395581e-02 1.685033e-01 5.001152e-02 -1.403255e-02 9.986501e-01 3.809890e+01
9.987700e-01 -2.425152e-05 -4.958325e-02 -1.019733e+00 5.754614e-04 9.999382e-01 1.110261e-02 1.716224e-01 4.957991e-02 -1.111749e-02 9.987083e-01 3.875136e+01
9.988809e-01 1.423108e-03 -4.727499e-02 -1.044114e+00 -9.736352e-04 9.999541e-01 9.529291e-03 1.785873e-01 4.728638e-02 -9.472598e-03 9.988365e-01 3.938854e+01
9.990555e-01 2.690547e-03 -4.336978e-02 -1.096008e+00 -2.240014e-03 9.999431e-01 1.043344e-02 1.852947e-01 4.339538e-02 -1.032643e-02 9.990046e-01 4.002389e+01
9.991702e-01 7.571355e-03 -4.002093e-02 -1.125783e+00 -7.032466e-03 9.998829e-01 1.358885e-02 1.907235e-01 4.011913e-02 -1.329613e-02 9.991064e-01 4.067331e+01
9.992661e-01 1.002593e-02 -3.697066e-02 -1.139573e+00 -9.416755e-03 9.998176e-01 1.661477e-02 1.948916e-01 3.713050e-02 -1.625443e-02 9.991782e-01 4.127907e+01
9.993398e-01 1.311896e-02 -3.388080e-02 -1.155549e+00 -1.252252e-02 9.997639e-01 1.775678e-02 1.987751e-01 3.410576e-02 -1.732079e-02 9.992681e-01 4.187813e+01
9.994582e-01 1.605889e-02 -2.873117e-02 -1.171773e+00 -1.554127e-02 9.997145e-01 1.814959e-02 2.101204e-01 2.901443e-02 -1.769323e-02 9.994224e-01 4.246294e+01
9.995345e-01 1.979023e-02 -2.321771e-02 -1.184493e+00 -1.931824e-02 9.996057e-01 2.037973e-02 2.228204e-01 2.361187e-02 -1.992171e-02 9.995227e-01 4.303144e+01
9.995532e-01 2.472929e-02 -1.679096e-02 -1.195599e+00 -2.436516e-02 9.994707e-01 2.155501e-02 2.353369e-01 1.731511e-02 -2.113626e-02 9.996267e-01 4.357948e+01
9.995864e-01 2.743856e-02 -8.613264e-03 -1.222812e+00 -2.725042e-02 9.994028e-01 2.124840e-02 2.464271e-01 9.191145e-03 -2.100489e-02 9.997371e-01 4.410579e+01
9.995279e-01 3.069243e-02 -1.408915e-03 -1.223325e+00 -3.065558e-02 9.993038e-01 2.126514e-02 2.552698e-01 2.060613e-03 -2.121191e-02 9.997729e-01 4.461329e+01
9.993795e-01 3.472863e-02 5.881735e-03 -1.217620e+00 -3.484461e-02 9.991737e-01 2.092113e-02 2.672560e-01 -5.150313e-03 -2.111309e-02 9.997638e-01 4.509653e+01
9.991421e-01 3.909387e-02 1.366302e-02 -1.214753e+00 -3.934183e-02 9.990568e-01 1.837729e-02 2.788329e-01 -1.293169e-02 -1.889905e-02 9.997378e-01 4.556039e+01
9.990088e-01 3.928426e-02 2.093068e-02 -1.185487e+00 -3.959991e-02 9.991047e-01 1.488553e-02 2.895519e-01 -2.032717e-02 -1.569963e-02 9.996701e-01 4.599884e+01
9.987553e-01 4.018251e-02 2.954880e-02 -1.181839e+00 -4.059125e-02 9.990864e-01 1.336511e-02 3.196333e-01 -2.898476e-02 -1.454790e-02 9.994740e-01 4.641966e+01
9.985243e-01 3.934833e-02 3.742804e-02 -1.165247e+00 -3.994134e-02 9.990859e-01 1.523035e-02 3.225554e-01 -3.679454e-02 -1.670280e-02 9.991833e-01 4.681689e+01
9.981272e-01 4.082875e-02 4.555345e-02 -1.146448e+00 -4.159743e-02 9.990054e-01 1.605547e-02 3.319263e-01 -4.485262e-02 -1.792031e-02 9.988329e-01 4.718877e+01
9.975392e-01 4.399566e-02 5.458890e-02 -1.132993e+00 -4.495798e-02 9.988522e-01 1.652692e-02 3.366234e-01 -5.379913e-02 -1.894046e-02 9.983721e-01 4.755183e+01
9.967652e-01 4.924921e-02 6.351121e-02 -1.115933e+00 -5.036268e-02 9.986020e-01 1.605074e-02 3.419628e-01 -6.263194e-02 -1.919742e-02 9.978520e-01 4.786293e+01
9.959554e-01 5.269260e-02 7.277639e-02 -1.098001e+00 -5.402578e-02 9.984037e-01 1.647216e-02 3.439793e-01 -7.179225e-02 -2.033734e-02 9.972122e-01 4.816154e+01
9.952751e-01 5.189335e-02 8.206390e-02 -1.067714e+00 -5.351864e-02 9.984094e-01 1.772967e-02 3.451903e-01 -8.101332e-02 -2.203785e-02 9.964694e-01 4.843573e+01
9.944316e-01 5.018070e-02 9.266950e-02 -1.034805e+00 -5.194308e-02 9.985103e-01 1.670340e-02 3.452508e-01 -9.169327e-02 -2.142393e-02 9.955568e-01 4.870144e+01
9.934583e-01 4.731519e-02 1.039320e-01 -1.006065e+00 -4.889512e-02 9.987231e-01 1.270538e-02 3.629188e-01 -1.031981e-01 -1.770403e-02 9.945033e-01 4.896080e+01
9.919242e-01 4.770414e-02 1.175192e-01 -9.751662e-01 -4.915665e-02 9.987460e-01 9.490813e-03 3.640816e-01 -1.169191e-01 -1.519102e-02 9.930253e-01 4.921873e+01
9.898663e-01 4.912278e-02 1.332350e-01 -9.378767e-01 -5.064535e-02 9.986842e-01 8.060873e-03 3.655402e-01 -1.326637e-01 -1.472692e-02 9.910517e-01 4.947398e+01
9.874706e-01 5.089201e-02 1.493714e-01 -8.837689e-01 -5.263309e-02 9.985840e-01 7.723574e-03 3.599544e-01 -1.487668e-01 -1.548868e-02 9.887510e-01 4.973541e+01
9.845277e-01 5.138407e-02 1.675260e-01 -8.529986e-01 -5.339304e-02 9.985454e-01 7.506918e-03 3.624034e-01 -1.668966e-01 -1.633549e-02 9.858391e-01 4.997526e+01
9.811277e-01 5.094428e-02 1.865291e-01 -8.123437e-01 -5.334515e-02 9.985451e-01 7.871410e-03 3.592699e-01 -1.858568e-01 -1.767328e-02 9.824179e-01 5.022376e+01
9.773543e-01 4.940895e-02 2.057602e-01 -7.462901e-01 -5.233775e-02 9.985906e-01 8.812272e-03 3.657709e-01 -2.050348e-01 -1.938174e-02 9.785628e-01 5.047081e+01
9.727631e-01 4.939192e-02 2.264784e-01 -6.899076e-01 -5.270674e-02 9.985729e-01 8.608935e-03 3.688903e-01 -2.257300e-01 -2.031139e-02 9.739781e-01 5.070357e+01
9.675621e-01 5.068926e-02 2.474956e-01 -6.120291e-01 -5.421863e-02 9.985012e-01 7.461181e-03 3.674334e-01 -2.467465e-01 -2.063803e-02 9.688603e-01 5.094027e+01
9.614171e-01 5.143537e-02 2.702435e-01 -5.312401e-01 -5.528587e-02 9.984484e-01 6.650384e-03 3.678674e-01 -2.694821e-01 -2.133444e-02 9.627691e-01 5.117667e+01
9.541357e-01 5.241992e-02 2.947494e-01 -4.380238e-01 -5.684916e-02 9.983618e-01 6.472495e-03 3.793152e-01 -2.939272e-01 -2.293189e-02 9.555527e-01 5.141397e+01
9.457059e-01 5.507755e-02 3.203231e-01 -3.372148e-01 -6.040663e-02 9.981513e-01 6.715662e-03 3.693237e-01 -3.193610e-01 -2.570068e-02 9.472845e-01 5.165087e+01
9.359293e-01 5.715873e-02 3.475186e-01 -2.289019e-01 -6.358575e-02 9.979511e-01 7.107978e-03 3.548298e-01 -3.464003e-01 -2.874980e-02 9.376462e-01 5.189108e+01
9.248674e-01 5.747889e-02 3.759209e-01 -1.073341e-01 -6.504507e-02 9.978545e-01 7.455028e-03 3.542080e-01 -3.746859e-01 -3.134672e-02 9.266218e-01 5.211673e+01
9.123430e-01 5.441968e-02 4.057939e-01 3.004703e-02 -6.326496e-02 9.979614e-01 8.404770e-03 3.539528e-01 -4.045092e-01 -3.334057e-02 9.139260e-01 5.233885e+01
8.975436e-01 4.974089e-02 4.381110e-01 1.672398e-01 -6.003909e-02 9.981491e-01 9.675345e-03 3.514613e-01 -4.368189e-01 -3.498783e-02 8.988688e-01 5.256824e+01
8.800001e-01 4.716733e-02 4.726258e-01 3.162878e-01 -5.825006e-02 9.982629e-01 8.832906e-03 3.454374e-01 -4.713882e-01 -3.530344e-02 8.812190e-01 5.278999e+01
8.605935e-01 4.659501e-02 5.071565e-01 4.829598e-01 -5.761941e-02 9.983203e-01 6.053648e-03 3.483431e-01 -5.060225e-01 -3.443178e-02 8.618327e-01 5.300575e+01
8.387044e-01 4.648053e-02 5.425998e-01 6.594763e-01 -5.807100e-02 9.983034e-01 4.243884e-03 3.362712e-01 -5.414820e-01 -3.506868e-02 8.399806e-01 5.323273e+01
8.143586e-01 4.777308e-02 5.783925e-01 8.591625e-01 -5.990691e-02 9.982022e-01 1.899242e-03 3.387800e-01 -5.772619e-01 -3.619637e-02 8.157564e-01 5.345744e+01
7.874898e-01 5.092518e-02 6.142202e-01 1.072776e+00 -6.349593e-02 9.979812e-01 -1.334986e-03 3.485833e-01 -6.130482e-01 -3.794920e-02 7.891335e-01 5.367288e+01
7.580728e-01 5.520076e-02 6.498296e-01 1.311258e+00 -6.821914e-02 9.976570e-01 -5.164956e-03 3.498831e-01 -6.485921e-01 -4.041540e-02 7.600624e-01 5.389558e+01
7.255327e-01 5.524910e-02 6.859663e-01 1.570722e+00 -6.993783e-02 9.975310e-01 -6.371307e-03 3.607422e-01 -6.846247e-01 -4.335241e-02 7.276054e-01 5.411861e+01
6.893119e-01 5.167751e-02 7.226192e-01 1.852407e+00 -7.093984e-02 9.974739e-01 -3.663457e-03 3.569042e-01 -7.209831e-01 -4.873723e-02 6.912366e-01 5.434205e+01
6.496543e-01 4.861853e-02 7.586736e-01 2.162559e+00 -7.185485e-02 9.974122e-01 -2.388254e-03 3.621482e-01 -7.568264e-01 -5.296283e-02 6.514666e-01 5.457718e+01
6.073883e-01 4.629101e-02 7.930552e-01 2.492842e+00 -7.341709e-02 9.972994e-01 -1.983864e-03 3.639031e-01 -7.910053e-01 -5.701883e-02 6.091465e-01 5.480173e+01
5.615003e-01 4.255730e-02 8.263814e-01 2.847738e+00 -7.312212e-02 9.973216e-01 -1.676244e-03 3.668349e-01 -8.242394e-01 -5.948555e-02 5.631083e-01 5.500677e+01
5.140468e-01 3.780470e-02 8.569287e-01 3.233237e+00 -7.396157e-02 9.972610e-01 3.717365e-04 3.650278e-01 -8.545675e-01 -6.357088e-02 5.154349e-01 5.519250e+01
4.674375e-01 3.472784e-02 8.833437e-01 3.646804e+00 -7.748079e-02 9.969922e-01 1.804556e-03 3.571590e-01 -8.806241e-01 -6.928568e-02 4.687223e-01 5.534067e+01
4.173938e-01 3.460410e-02 9.080666e-01 4.066269e+00 -8.218536e-02 9.966170e-01 -2.019447e-04 3.712198e-01 -9.050016e-01 -7.454549e-02 4.188257e-01 5.552159e+01
3.679392e-01 3.595904e-02 9.291543e-01 4.503915e+00 -8.647104e-02 9.962450e-01 -4.313532e-03 3.872883e-01 -9.258205e-01 -7.875782e-02 3.696670e-01 5.567190e+01
3.193689e-01 3.118777e-02 9.471171e-01 4.960718e+00 -8.590511e-02 9.962959e-01 -3.839888e-03 3.991014e-01 -9.437287e-01 -8.013586e-02 3.208652e-01 5.579648e+01
2.721758e-01 1.873290e-02 9.620652e-01 5.439048e+00 -8.373248e-02 9.964791e-01 4.285581e-03 4.027713e-01 -9.585975e-01 -8.172254e-02 2.727860e-01 5.589582e+01
2.287705e-01 4.507966e-03 9.734700e-01 5.940335e+00 -8.439791e-02 9.963159e-01 1.522018e-02 4.104986e-01 -9.698150e-01 -8.564076e-02 2.283081e-01 5.596327e+01
1.875053e-01 -7.305301e-03 9.822364e-01 6.462757e+00 -8.183713e-02 9.963795e-01 2.303289e-02 4.269736e-01 -9.788485e-01 -8.470220e-02 1.862286e-01 5.602158e+01
1.492846e-01 -1.168212e-02 9.887253e-01 6.975103e+00 -7.996390e-02 9.965125e-01 2.384763e-02 4.449384e-01 -9.855556e-01 -8.262241e-02 1.478298e-01 5.607269e+01
1.171792e-01 -2.086819e-02 9.928915e-01 7.505982e+00 -7.749921e-02 9.965382e-01 3.009115e-02 4.534055e-01 -9.900823e-01 -8.047436e-02 1.151563e-01 5.611335e+01
8.779610e-02 -2.966808e-02 9.956966e-01 8.055689e+00 -7.841422e-02 9.962488e-01 3.659875e-02 4.665035e-01 -9.930474e-01 -8.128999e-02 8.514037e-02 5.615199e+01
6.305022e-02 -3.683880e-02 9.973302e-01 8.620112e+00 -7.885496e-02 9.960104e-01 4.177518e-02 4.994418e-01 -9.948902e-01 -8.127837e-02 5.989375e-02 5.615594e+01
4.411305e-02 -4.257597e-02 9.981189e-01 9.195771e+00 -7.938756e-02 9.957826e-01 4.598494e-02 5.309118e-01 -9.958673e-01 -8.126676e-02 4.054701e-02 5.613977e+01
2.851528e-02 -4.562602e-02 9.985515e-01 9.776242e+00 -7.754633e-02 9.958462e-01 4.771687e-02 5.669141e-01 -9.965809e-01 -7.879467e-02 2.485870e-02 5.613984e+01
1.527992e-02 -4.658016e-02 9.987977e-01 1.037970e+01 -7.791904e-02 9.958211e-01 4.763338e-02 6.006936e-01 -9.968426e-01 -7.855319e-02 1.158659e-02 5.614496e+01
3.868609e-03 -4.780858e-02 9.988490e-01 1.097883e+01 -7.705966e-02 9.958721e-01 4.796455e-02 6.304945e-01 -9.970190e-01 -7.715652e-02 1.685266e-04 5.614648e+01
-5.446320e-03 -5.255466e-02 9.986032e-01 1.159565e+01 -7.429074e-02 9.958796e-01 5.200614e-02 6.619756e-01 -9.972218e-01 -7.390373e-02 -9.328203e-03 5.613863e+01
-1.229924e-02 -5.680083e-02 9.983098e-01 1.222241e+01 -7.203060e-02 9.958418e-01 5.577299e-02 7.099495e-01 -9.973266e-01 -7.122289e-02 -1.633950e-02 5.613024e+01
-1.676298e-02 -5.769765e-02 9.981934e-01 1.285832e+01 -7.263450e-02 9.957662e-01 5.633758e-02 7.533174e-01 -9.972177e-01 -7.155889e-02 -2.088285e-02 5.610104e+01
-2.082143e-02 -5.372820e-02 9.983385e-01 1.351044e+01 -7.498628e-02 9.958263e-01 5.202908e-02 7.892018e-01 -9.969672e-01 -7.377837e-02 -2.476340e-02 5.609987e+01
-2.340744e-02 -4.992164e-02 9.984788e-01 1.416552e+01 -8.124673e-02 9.955438e-01 4.787022e-02 8.413196e-01 -9.964191e-01 -8.000262e-02 -2.735910e-02 5.602898e+01
-2.349269e-02 -5.197074e-02 9.983722e-01 1.484443e+01 -8.678906e-02 9.949836e-01 4.975211e-02 8.822611e-01 -9.959497e-01 -8.547898e-02 -2.788534e-02 5.600295e+01
-2.458120e-02 -5.436042e-02 9.982188e-01 1.552966e+01 -8.950274e-02 9.946302e-01 5.196098e-02 9.158768e-01 -9.956832e-01 -8.806605e-02 -2.931461e-02 5.599628e+01
-2.409157e-02 -5.738773e-02 9.980612e-01 1.621779e+01 -8.737552e-02 9.946514e-01 5.508257e-02 9.536469e-01 -9.958841e-01 -8.587910e-02 -2.897699e-02 5.595730e+01
-2.385833e-02 -5.857321e-02 9.979980e-01 1.691299e+01 -8.017841e-02 9.951785e-01 5.649098e-02 9.919616e-01 -9.964950e-01 -7.867011e-02 -2.843960e-02 5.596887e+01
-2.198755e-02 -5.928969e-02 9.979986e-01 1.761354e+01 -7.207743e-02 9.957363e-01 5.756730e-02 1.047900e+00 -9.971567e-01 -7.066741e-02 -2.616725e-02 5.595636e+01
-1.992400e-02 -6.000878e-02 9.979990e-01 1.833183e+01 -7.137051e-02 9.957360e-01 5.844787e-02 1.101724e+00 -9.972509e-01 -7.006318e-02 -2.412190e-02 5.593779e+01
-1.826490e-02 -5.948867e-02 9.980619e-01 1.906683e+01 -7.554534e-02 9.954570e-01 5.795090e-02 1.161134e+00 -9.969751e-01 -7.434045e-02 -2.267601e-02 5.593965e+01
-1.574419e-02 -5.887439e-02 9.981412e-01 1.980262e+01 -8.211902e-02 9.949687e-01 5.739195e-02 1.203432e+00 -9.964982e-01 -8.106279e-02 -2.049969e-02 5.592710e+01
-1.325088e-02 -5.663891e-02 9.983068e-01 2.053611e+01 -8.364769e-02 9.949576e-01 5.533862e-02 1.247706e+00 -9.964073e-01 -8.277277e-02 -1.792178e-02 5.591896e+01
-1.041557e-02 -6.409779e-02 9.978893e-01 2.126149e+01 -7.918165e-02 9.948626e-01 6.307691e-02 1.280426e+00 -9.968058e-01 -7.835753e-02 -1.543743e-02 5.589844e+01
-6.712506e-03 -6.564535e-02 9.978204e-01 2.198848e+01 -7.358913e-02 9.951697e-01 6.497591e-02 1.334621e+00 -9.972661e-01 -7.299259e-02 -1.151087e-02 5.588530e+01
-4.321818e-03 -5.982789e-02 9.981994e-01 2.272215e+01 -7.284175e-02 9.955757e-01 5.935526e-02 1.395577e+00 -9.973341e-01 -7.245407e-02 -8.660665e-03 5.588426e+01
-2.208957e-03 -5.564614e-02 9.984481e-01 2.344945e+01 -7.696634e-02 9.954983e-01 5.531146e-02 1.442881e+00 -9.970312e-01 -7.672472e-02 -6.481893e-03 5.588926e+01
3.302729e-03 -6.045804e-02 9.981653e-01 2.418921e+01 -8.025271e-02 9.949351e-01 6.052793e-02 1.489950e+00 -9.967691e-01 -8.030537e-02 -1.565921e-03 5.587803e+01
6.331750e-03 -6.467157e-02 9.978865e-01 2.492643e+01 -7.891182e-02 9.947622e-01 6.496980e-02 1.535560e+00 -9.968615e-01 -7.915642e-02 1.195235e-03 5.587950e+01
9.144018e-03 -6.386915e-02 9.979164e-01 2.564801e+01 -7.438357e-02 9.951498e-01 6.437367e-02 1.586857e+00 -9.971878e-01 -7.481721e-02 4.348852e-03 5.588394e+01
1.138763e-02 -5.996890e-02 9.981353e-01 2.637789e+01 -7.303865e-02 9.954837e-01 6.064288e-02 1.651662e+00 -9.972641e-01 -7.359303e-02 6.956152e-03 5.590613e+01
1.453011e-02 -5.760872e-02 9.982335e-01 2.711349e+01 -7.340972e-02 9.955832e-01 5.852431e-02 1.693751e+00 -9.971960e-01 -7.413040e-02 1.023689e-02 5.592523e+01
1.794977e-02 -6.101253e-02 9.979756e-01 2.785148e+01 -7.656577e-02 9.951216e-01 6.221517e-02 1.734191e+00 -9.969029e-01 -7.752752e-02 1.319074e-02 5.594081e+01
2.162224e-02 -6.536161e-02 9.976274e-01 2.858375e+01 -7.595677e-02 9.948692e-01 6.682717e-02 1.778507e+00 -9.968766e-01 -7.722151e-02 1.654664e-02 5.594582e+01
2.587707e-02 -6.707519e-02 9.974123e-01 2.931737e+01 -7.530639e-02 9.947806e-01 6.885197e-02 1.819532e+00 -9.968246e-01 -7.689321e-02 2.069082e-02 5.594601e+01
2.885208e-02 -6.731603e-02 9.973144e-01 3.004833e+01 -7.466658e-02 9.947972e-01 6.930622e-02 1.887240e+00 -9.967911e-01 -7.646569e-02 2.367571e-02 5.593988e+01
3.247419e-02 -6.892213e-02 9.970934e-01 3.078498e+01 -7.595734e-02 9.945642e-01 7.122115e-02 1.946175e+00 -9.965821e-01 -7.804941e-02 2.706253e-02 5.596375e+01
3.471335e-02 -7.102331e-02 9.968704e-01 3.152109e+01 -7.641448e-02 9.943630e-01 7.350559e-02 2.011326e+00 -9.964717e-01 -7.872697e-02 2.909047e-02 5.601600e+01
3.763313e-02 -6.963158e-02 9.968627e-01 3.225650e+01 -7.613592e-02 9.944699e-01 7.233870e-02 2.072590e+00 -9.963870e-01 -7.861938e-02 3.212355e-02 5.605529e+01
3.993569e-02 -6.586224e-02 9.970292e-01 3.299600e+01 -7.504732e-02 9.948091e-01 6.872158e-02 2.130500e+00 -9.963800e-01 -7.756881e-02 3.478561e-02 5.609831e+01
4.231076e-02 -6.631351e-02 9.969014e-01 3.373792e+01 -7.491034e-02 9.947758e-01 6.935148e-02 2.179258e+00 -9.962922e-01 -7.761253e-02 3.712215e-02 5.612680e+01
4.493197e-02 -6.394359e-02 9.969415e-01 3.448360e+01 -7.568457e-02 9.948634e-01 6.722139e-02 2.229209e+00 -9.961190e-01 -7.847348e-02 3.986163e-02 5.616128e+01
4.826027e-02 -6.137146e-02 9.969476e-01 3.522746e+01 -7.668924e-02 9.949367e-01 6.496004e-02 2.264763e+00 -9.958864e-01 -7.959014e-02 4.330938e-02 5.618175e+01
5.188871e-02 -6.019807e-02 9.968369e-01 3.597969e+01 -7.630956e-02 9.950242e-01 6.406077e-02 2.329449e+00 -9.957331e-01 -7.939221e-02 4.703683e-02 5.622681e+01
5.533819e-02 -5.904689e-02 9.967202e-01 3.673137e+01 -7.497804e-02 9.951856e-01 6.311878e-02 2.376237e+00 -9.956485e-01 -7.822500e-02 5.064455e-02 5.626430e+01
5.862179e-02 -5.792407e-02 9.965984e-01 3.748316e+01 -7.159965e-02 9.955002e-01 6.207186e-02 2.428229e+00 -9.957093e-01 -7.499486e-02 5.421066e-02 5.630787e+01
6.156041e-02 -5.765073e-02 9.964370e-01 3.824186e+01 -6.971631e-02 9.956438e-01 6.191195e-02 2.475923e+00 -9.956656e-01 -7.327923e-02 5.727304e-02 5.636262e+01
6.483480e-02 -5.217366e-02 9.965312e-01 3.900252e+01 -6.811204e-02 9.960720e-01 5.658102e-02 2.536808e+00 -9.955688e-01 -7.154419e-02 6.102647e-02 5.643060e+01
6.939904e-02 -4.958731e-02 9.963558e-01 3.977243e+01 -6.762841e-02 9.962323e-01 5.429168e-02 2.612105e+00 -9.952940e-01 -7.114975e-02 6.578406e-02 5.645904e+01
7.291557e-02 -5.130686e-02 9.960175e-01 4.054469e+01 -6.378502e-02 9.963915e-01 5.599564e-02 2.684802e+00 -9.952963e-01 -6.761395e-02 6.937984e-02 5.651402e+01
7.653005e-02 -4.944987e-02 9.958403e-01 4.132097e+01 -6.294909e-02 9.965373e-01 5.432210e-02 2.722312e+00 -9.950782e-01 -6.684451e-02 7.315222e-02 5.656724e+01
7.954900e-02 -4.526994e-02 9.958025e-01 4.210232e+01 -6.244529e-02 9.967799e-01 5.030277e-02 2.773454e+00 -9.948731e-01 -6.618471e-02 7.646595e-02 5.664192e+01
8.374568e-02 -4.511090e-02 9.954656e-01 4.289185e+01 -6.498850e-02 9.966008e-01 5.062964e-02 2.822336e+00 -9.943657e-01 -6.893383e-02 8.052932e-02 5.670077e+01
8.814996e-02 -4.407066e-02 9.951318e-01 4.369702e+01 -6.460284e-02 9.966646e-01 4.986114e-02 2.864184e+00 -9.940101e-01 -6.868360e-02 8.500885e-02 5.678217e+01
9.323726e-02 -4.123893e-02 9.947895e-01 4.447001e+01 -6.143420e-02 9.969998e-01 4.708851e-02 2.913525e+00 -9.937468e-01 -6.550451e-02 9.042404e-02 5.686810e+01
9.943014e-02 -3.989737e-02 9.942444e-01 4.525939e+01 -5.312068e-02 9.975581e-01 4.534272e-02 2.953113e+00 -9.936256e-01 -5.732337e-02 9.706797e-02 5.695017e+01
1.070003e-01 -3.919116e-02 9.934863e-01 4.606080e+01 -4.834145e-02 9.978360e-01 4.456922e-02 3.002800e+00 -9.930831e-01 -5.279549e-02 1.048742e-01 5.703723e+01
1.144990e-01 -3.664257e-02 9.927473e-01 4.687296e+01 -4.637163e-02 9.980331e-01 4.218596e-02 3.051213e+00 -9.923405e-01 -5.086557e-02 1.125746e-01 5.714312e+01
1.222850e-01 -3.420589e-02 9.919054e-01 4.766442e+01 -4.985040e-02 9.979328e-01 4.055945e-02 3.084344e+00 -9.912423e-01 -5.440670e-02 1.203271e-01 5.724220e+01
1.298736e-01 -3.540393e-02 9.908983e-01 4.847577e+01 -5.147788e-02 9.977738e-01 4.239662e-02 3.125636e+00 -9.901933e-01 -5.651555e-02 1.277620e-01 5.735025e+01
1.377716e-01 -3.491972e-02 9.898483e-01 4.928844e+01 -5.478869e-02 9.975795e-01 4.281821e-02 3.165270e+00 -9.889475e-01 -6.013163e-02 1.355249e-01 5.746119e+01
1.448242e-01 -3.251173e-02 9.889231e-01 5.010053e+01 -6.063297e-02 9.972901e-01 4.166628e-02 3.207762e+00 -9.875979e-01 -6.599563e-02 1.424604e-01 5.759917e+01
1.512771e-01 -3.022917e-02 9.880291e-01 5.090935e+01 -6.844706e-02 9.968128e-01 4.097783e-02 3.253428e+00 -9.861188e-01 -7.382669e-02 1.487258e-01 5.773201e+01
1.586665e-01 -3.067503e-02 9.868556e-01 5.172565e+01 -6.978226e-02 9.966693e-01 4.219965e-02 3.300623e+00 -9.848631e-01 -7.556068e-02 1.559975e-01 5.788207e+01
1.658888e-01 -3.087059e-02 9.856612e-01 5.250854e+01 -6.764711e-02 9.967992e-01 4.260457e-02 3.338042e+00 -9.838215e-01 -7.374475e-02 1.632695e-01 5.801537e+01
1.717506e-01 -3.076681e-02 9.846599e-01 5.329472e+01 -6.018486e-02 9.973175e-01 4.166014e-02 3.377154e+00 -9.833003e-01 -6.641677e-02 1.694382e-01 5.815418e+01
1.773466e-01 -3.014210e-02 9.836868e-01 5.407568e+01 -5.689777e-02 9.975450e-01 4.082471e-02 3.416298e+00 -9.825023e-01 -6.320970e-02 1.751962e-01 5.829071e+01
1.829885e-01 -3.027692e-02 9.826487e-01 5.483518e+01 -5.441201e-02 9.976817e-01 4.087270e-02 3.451743e+00 -9.816081e-01 -6.094712e-02 1.809169e-01 5.843444e+01
1.887445e-01 -2.865426e-02 9.816081e-01 5.559994e+01 -5.534519e-02 9.976751e-01 3.976510e-02 3.491459e+00 -9.804654e-01 -6.183273e-02 1.867199e-01 5.857827e+01
1.938469e-01 -3.259468e-02 9.804902e-01 5.637215e+01 -5.683108e-02 9.973964e-01 4.439243e-02 3.519246e+00 -9.793843e-01 -6.432765e-02 1.914898e-01 5.873083e+01
1.983275e-01 -3.348839e-02 9.795635e-01 5.711260e+01 -6.299077e-02 9.969146e-01 4.683501e-02 3.561987e+00 -9.781096e-01 -7.099214e-02 1.956061e-01 5.888293e+01
2.002372e-01 -3.006504e-02 9.792861e-01 5.785608e+01 -7.006837e-02 9.965302e-01 4.492152e-02 3.590341e+00 -9.772387e-01 -7.761193e-02 1.974358e-01 5.905065e+01
2.035812e-01 -2.700467e-02 9.786856e-01 5.859215e+01 -7.480046e-02 9.962689e-01 4.304945e-02 3.624264e+00 -9.761965e-01 -8.197018e-02 2.008016e-01 5.921581e+01
2.071440e-01 -2.502111e-02 9.779904e-01 5.931518e+01 -7.522662e-02 9.963057e-01 4.142312e-02 3.654671e+00 -9.754139e-01 -8.215147e-02 2.044965e-01 5.936431e+01
2.089355e-01 -2.341040e-02 9.776492e-01 6.002529e+01 -7.348647e-02 9.965110e-01 3.956700e-02 3.689174e+00 -9.751645e-01 -8.011094e-02 2.064862e-01 5.952300e+01
2.110042e-01 -2.020439e-02 9.772763e-01 6.072568e+01 -7.049455e-02 9.968685e-01 3.582995e-02 3.723035e+00 -9.749399e-01 -7.645292e-02 2.089191e-01 5.967587e+01
2.148159e-01 -2.022222e-02 9.764452e-01 6.141646e+01 -6.650495e-02 9.971621e-01 3.528221e-02 3.753456e+00 -9.743876e-01 -7.251762e-02 2.128614e-01 5.982590e+01
2.165970e-01 -2.022919e-02 9.760515e-01 6.208665e+01 -6.095418e-02 9.975544e-01 3.420127e-02 3.789225e+00 -9.743564e-01 -6.690231e-02 2.148342e-01 6.000142e+01
2.189105e-01 -2.033554e-02 9.755330e-01 6.276213e+01 -5.834374e-02 9.977211e-01 3.389046e-02 3.815721e+00 -9.739991e-01 -6.433522e-02 2.172252e-01 6.013919e+01
2.202406e-01 -1.791001e-02 9.752811e-01 6.342467e+01 -5.937256e-02 9.977315e-01 3.172996e-02 3.846382e+00 -9.736370e-01 -6.489317e-02 2.186776e-01 6.030104e+01
2.219174e-01 -1.882562e-02 9.748837e-01 6.408382e+01 -6.214929e-02 9.975075e-01 3.340984e-02 3.871414e+00 -9.730828e-01 -6.800255e-02 2.201943e-01 6.044282e+01
2.220976e-01 -1.875856e-02 9.748440e-01 6.473114e+01 -6.415685e-02 9.973670e-01 3.380874e-02 3.900145e+00 -9.729114e-01 -7.005176e-02 2.203093e-01 6.059894e+01
2.216016e-01 -1.957123e-02 9.749409e-01 6.536386e+01 -6.489450e-02 9.972862e-01 3.477015e-02 3.927348e+00 -9.729756e-01 -7.097342e-02 2.197302e-01 6.075670e+01
2.189730e-01 -1.959692e-02 9.755341e-01 6.598459e+01 -6.511791e-02 9.972758e-01 3.465034e-02 3.964258e+00 -9.735556e-01 -7.111223e-02 2.171003e-01 6.092042e+01
2.174201e-01 -1.866344e-02 9.758997e-01 6.660112e+01 -6.497798e-02 9.973226e-01 3.354954e-02 3.981154e+00 -9.739129e-01 -7.070633e-02 2.156253e-01 6.107024e+01
2.152354e-01 -1.804641e-02 9.763954e-01 6.722316e+01 -6.260469e-02 9.975176e-01 3.223730e-02 4.001533e+00 -9.745534e-01 -6.806554e-02 2.135714e-01 6.120994e+01
2.128586e-01 -1.944505e-02 9.768895e-01 6.779717e+01 -5.810629e-02 9.977805e-01 3.252191e-02 4.019149e+00 -9.753537e-01 -6.368599e-02 2.112563e-01 6.133283e+01
2.111733e-01 -2.237390e-02 9.771925e-01 6.839960e+01 -5.556715e-02 9.978464e-01 3.485497e-02 4.055587e+00 -9.758679e-01 -6.166025e-02 2.094753e-01 6.146123e+01
2.093642e-01 -2.229296e-02 9.775836e-01 6.897934e+01 -5.742104e-02 9.977346e-01 3.505006e-02 4.082712e+00 -9.761503e-01 -6.347210e-02 2.076098e-01 6.157666e+01
2.072112e-01 -2.363832e-02 9.780106e-01 6.955711e+01 -6.030506e-02 9.974982e-01 3.688616e-02 4.114045e+00 -9.764358e-01 -6.662221e-02 2.052673e-01 6.169864e+01
2.069228e-01 -2.256001e-02 9.780971e-01 7.012744e+01 -6.377027e-02 9.972971e-01 3.649388e-02 4.130995e+00 -9.762768e-01 -6.992493e-02 2.049248e-01 6.179321e+01
2.048559e-01 -2.608941e-02 9.784444e-01 7.067586e+01 -6.348363e-02 9.971857e-01 3.988063e-02 4.145959e+00 -9.767312e-01 -7.028499e-02 2.026231e-01 6.191081e+01
2.030045e-01 -2.961473e-02 9.787299e-01 7.121893e+01 -6.089128e-02 9.972262e-01 4.280424e-02 4.163028e+00 -9.772827e-01 -6.828556e-02 2.006381e-01 6.202124e+01
2.020998e-01 -3.631801e-02 9.786913e-01 7.176097e+01 -5.685669e-02 9.971917e-01 4.874545e-02 4.202771e+00 -9.777131e-01 -6.549660e-02 1.994674e-01 6.211101e+01
2.000324e-01 -3.560575e-02 9.791421e-01 7.229315e+01 -5.538146e-02 9.973309e-01 4.758124e-02 4.229467e+00 -9.782228e-01 -6.374411e-02 1.975266e-01 6.223162e+01
1.986151e-01 -3.465624e-02 9.794646e-01 7.282704e+01 -5.308241e-02 9.975273e-01 4.605936e-02 4.253987e+00 -9.786390e-01 -6.114043e-02 1.962843e-01 6.233950e+01
1.969966e-01 -3.734716e-02 9.796926e-01 7.336802e+01 -5.442474e-02 9.973167e-01 4.896275e-02 4.279736e+00 -9.788924e-01 -6.296501e-02 1.944354e-01 6.244919e+01
1.967785e-01 -4.401706e-02 9.794594e-01 7.390417e+01 -5.360128e-02 9.970147e-01 5.557478e-02 4.316153e+00 -9.789817e-01 -6.343621e-02 1.938317e-01 6.256330e+01
1.994289e-01 -4.875144e-02 9.786988e-01 7.444961e+01 -5.354496e-02 9.967273e-01 6.056031e-02 4.349377e+00 -9.784483e-01 -6.448187e-02 1.961658e-01 6.264600e+01
2.023187e-01 -5.244531e-02 9.779144e-01 7.499565e+01 -5.394688e-02 9.964520e-01 6.460043e-02 4.380440e+00 -9.778328e-01 -6.582530e-02 1.987716e-01 6.275280e+01
2.061125e-01 -5.062085e-02 9.772181e-01 7.554420e+01 -5.452376e-02 9.965154e-01 6.312049e-02 4.430360e+00 -9.770081e-01 -6.629153e-02 2.026342e-01 6.286955e+01
2.120437e-01 -5.330881e-02 9.758051e-01 7.608110e+01 -5.367955e-02 9.963683e-01 6.609683e-02 4.490081e+00 -9.757848e-01 -6.639620e-02 2.084120e-01 6.301429e+01
2.189058e-01 -5.338287e-02 9.742846e-01 7.664046e+01 -5.607062e-02 9.961641e-01 6.717984e-02 4.506511e+00 -9.741336e-01 -6.933480e-02 2.150729e-01 6.312733e+01
2.249731e-01 -5.199938e-02 9.729764e-01 7.720731e+01 -5.616693e-02 9.962224e-01 6.622873e-02 4.560296e+00 -9.727448e-01 -6.954879e-02 2.212026e-01 6.328530e+01
2.332612e-01 -5.335163e-02 9.709494e-01 7.776130e+01 -5.764830e-02 9.959789e-01 6.857639e-02 4.612224e+00 -9.707038e-01 -7.196980e-02 2.292476e-01 6.343000e+01
2.428867e-01 -4.886345e-02 9.688232e-01 7.832857e+01 -5.961133e-02 9.960912e-01 6.518346e-02 4.646143e+00 -9.682213e-01 -7.358504e-02 2.390244e-01 6.354980e+01
2.528080e-01 -4.813407e-02 9.663184e-01 7.891991e+01 -6.047329e-02 9.960227e-01 6.543471e-02 4.686256e+00 -9.656247e-01 -7.497887e-02 2.488917e-01 6.370260e+01
2.627200e-01 -4.212967e-02 9.639519e-01 7.948592e+01 -5.876964e-02 9.964927e-01 5.956922e-02 4.730386e+00 -9.630807e-01 -7.230113e-02 2.593226e-01 6.385498e+01
2.720964e-01 -3.868298e-02 9.614922e-01 8.008551e+01 -5.874000e-02 9.966606e-01 5.672094e-02 4.763351e+00 -9.604755e-01 -7.191161e-02 2.689155e-01 6.403668e+01
2.828602e-01 -3.507663e-02 9.585195e-01 8.067825e+01 -5.684226e-02 9.969617e-01 5.325762e-02 4.820492e+00 -9.574753e-01 -6.954889e-02 2.800070e-01 6.421191e+01
2.930781e-01 -3.396389e-02 9.554850e-01 8.128099e+01 -5.543234e-02 9.970841e-01 5.244547e-02 4.855792e+00 -9.544802e-01 -6.833540e-02 2.903408e-01 6.440435e+01
3.029933e-01 -3.069332e-02 9.524983e-01 8.188896e+01 -5.589456e-02 9.971883e-01 4.991369e-02 4.898617e+00 -9.513521e-01 -6.836299e-02 3.004258e-01 6.460867e+01
3.135463e-01 -3.008847e-02 9.490961e-01 8.251436e+01 -5.507507e-02 9.972391e-01 4.980948e-02 4.947458e+00 -9.479744e-01 -6.788911e-02 3.110235e-01 6.482221e+01
3.239452e-01 -2.709611e-02 9.456878e-01 8.314815e+01 -5.590813e-02 9.972946e-01 4.772608e-02 5.001521e+00 -9.444225e-01 -6.833227e-02 3.215539e-01 6.505114e+01
3.339940e-01 -2.690803e-02 9.421911e-01 8.380420e+01 -6.030211e-02 9.969347e-01 4.984774e-02 5.039236e+00 -9.406443e-01 -7.346495e-02 3.313476e-01 6.529012e+01
3.434897e-01 -2.924204e-02 9.387011e-01 8.446728e+01 -6.569677e-02 9.963185e-01 5.507669e-02 5.065052e+00 -9.368558e-01 -8.058790e-02 3.403040e-01 6.553799e+01
3.544862e-01 -3.080129e-02 9.345538e-01 8.514263e+01 -6.845885e-02 9.959202e-01 5.879100e-02 5.108319e+00 -9.325518e-01 -8.481908e-02 3.509314e-01 6.579047e+01
3.646465e-01 -3.033914e-02 9.306516e-01 8.582148e+01 -7.130741e-02 9.956242e-01 6.039680e-02 5.165518e+00 -9.284116e-01 -8.838584e-02 3.608875e-01 6.606730e+01
3.741392e-01 -3.598083e-02 9.266743e-01 8.651955e+01 -6.934423e-02 9.953642e-01 6.664523e-02 5.215536e+00 -9.247763e-01 -8.919411e-02 3.699097e-01 6.634987e+01
3.824165e-01 -4.223079e-02 9.230245e-01 8.722000e+01 -6.970602e-02 9.947897e-01 7.439401e-02 5.274803e+00 -9.213570e-01 -9.278986e-02 3.774803e-01 6.662794e+01
3.894369e-01 -5.144507e-02 9.196153e-01 8.794184e+01 -7.176230e-02 9.937090e-01 8.597977e-02 5.334956e+00 -9.182533e-01 -9.947741e-02 3.832951e-01 6.692267e+01
3.968622e-01 -5.644880e-02 9.161408e-01 8.865875e+01 -7.186936e-02 9.931318e-01 9.232569e-02 5.402020e+00 -9.150602e-01 -1.024830e-01 3.900795e-01 6.721582e+01
4.040923e-01 -5.777067e-02 9.128921e-01 8.937055e+01 -6.968395e-02 9.931592e-01 9.369587e-02 5.478934e+00 -9.120601e-01 -1.014757e-01 3.973023e-01 6.752532e+01
4.115429e-01 -6.041168e-02 9.093860e-01 9.007043e+01 -6.112388e-02 9.937246e-01 9.367604e-02 5.558158e+00 -9.093384e-01 -9.413691e-02 4.052678e-01 6.784570e+01
4.207085e-01 -6.394863e-02 9.049392e-01 9.079888e+01 -5.391379e-02 9.939870e-01 9.530596e-02 5.624515e+00 -9.055924e-01 -8.888473e-02 4.147310e-01 6.812950e+01
4.260527e-01 -6.238365e-02 9.025449e-01 9.149431e+01 -5.269797e-02 9.942146e-01 9.359628e-02 5.709644e+00 -9.031622e-01 -8.743924e-02 4.203004e-01 6.846668e+01
4.312407e-01 -5.551722e-02 9.005272e-01 9.218185e+01 -5.620131e-02 9.945138e-01 8.822491e-02 5.791548e+00 -9.004848e-01 -8.865699e-02 4.257547e-01 6.880051e+01
4.336392e-01 -4.788346e-02 8.998134e-01 9.285034e+01 -5.830842e-02 9.950031e-01 8.104903e-02 5.856611e+00 -8.991981e-01 -8.761274e-02 4.286804e-01 6.916000e+01
4.377439e-01 -4.691702e-02 8.978748e-01 9.352182e+01 -5.572046e-02 9.953024e-01 7.917352e-02 5.916603e+00 -8.973715e-01 -8.468772e-02 4.330733e-01 6.948986e+01
4.421634e-01 -4.461610e-02 8.958242e-01 9.419511e+01 -5.369237e-02 9.956543e-01 7.608971e-02 5.986019e+00 -8.953260e-01 -8.174300e-02 4.378463e-01 6.981897e+01
4.457763e-01 -4.107077e-02 8.942017e-01 9.484021e+01 -5.325109e-02 9.959610e-01 7.229125e-02 6.036716e+00 -8.935591e-01 -7.984294e-02 4.417887e-01 7.013756e+01
4.498042e-01 -3.942214e-02 8.922567e-01 9.549347e+01 -5.588133e-02 9.958257e-01 7.216896e-02 6.084708e+00 -8.913773e-01 -8.232240e-02 4.457236e-01 7.046587e+01
4.538528e-01 -4.044237e-02 8.901585e-01 9.614968e+01 -5.770635e-02 9.955386e-01 7.465201e-02 6.136141e+00 -8.892062e-01 -8.524882e-02 4.494942e-01 7.079187e+01
4.570695e-01 -4.052001e-02 8.885075e-01 9.676370e+01 -6.006910e-02 9.952746e-01 7.629006e-02 6.197092e+00 -8.874002e-01 -8.824171e-02 4.524757e-01 7.112635e+01
4.605692e-01 -3.928482e-02 8.867540e-01 9.739637e+01 -6.188143e-02 9.951683e-01 7.622823e-02 6.248955e+00 -8.854641e-01 -8.998199e-02 4.559129e-01 7.146817e+01
4.637327e-01 -3.698311e-02 8.852030e-01 9.798054e+01 -6.180226e-02 9.953443e-01 7.396117e-02 6.298727e+00 -8.838170e-01 -8.900576e-02 4.592880e-01 7.178816e+01
4.648588e-01 -3.636191e-02 8.846379e-01 9.855997e+01 -6.105423e-02 9.954614e-01 7.299990e-02 6.341038e+00 -8.832773e-01 -8.794552e-02 4.605289e-01 7.213276e+01
4.667317e-01 -3.843353e-02 8.835635e-01 9.914777e+01 -6.058229e-02 9.953192e-01 7.529657e-02 6.398364e+00 -8.823216e-01 -8.867159e-02 4.622186e-01 7.245164e+01
4.685489e-01 -4.036690e-02 8.825149e-01 9.973200e+01 -6.066310e-02 9.951275e-01 7.772543e-02 6.441769e+00 -8.813523e-01 -8.995425e-02 4.638171e-01 7.275602e+01
4.705275e-01 -3.813470e-02 8.815609e-01 1.003096e+02 -6.247909e-02 9.951182e-01 7.639479e-02 6.485589e+00 -8.801706e-01 -9.102497e-02 4.658478e-01 7.305662e+01
4.725862e-01 -3.952067e-02 8.803979e-01 1.008781e+02 -6.161129e-02 9.950681e-01 7.774030e-02 6.537367e+00 -8.791282e-01 -9.098144e-02 4.678205e-01 7.335482e+01
4.749737e-01 -3.861314e-02 8.791524e-01 1.014233e+02 -6.016196e-02 9.952746e-01 7.621662e-02 6.592965e+00 -8.779411e-01 -8.909242e-02 4.704062e-01 7.366613e+01
4.780866e-01 -4.137178e-02 8.773378e-01 1.019629e+02 -5.752534e-02 9.952703e-01 7.828023e-02 6.634555e+00 -8.764268e-01 -8.789388e-02 4.734455e-01 7.395892e+01
4.807960e-01 -4.306384e-02 8.757743e-01 1.024951e+02 -5.631854e-02 9.952142e-01 7.985558e-02 6.682916e+00 -8.750219e-01 -8.771657e-02 4.760697e-01 7.426205e+01
4.850869e-01 -4.676413e-02 8.732146e-01 1.030351e+02 -5.482849e-02 9.949778e-01 8.374328e-02 6.734460e+00 -8.727454e-01 -8.849981e-02 4.800867e-01 7.452775e+01
4.877204e-01 -4.727142e-02 8.717191e-01 1.035504e+02 -5.481839e-02 9.949040e-01 8.462196e-02 6.774898e+00 -8.712771e-01 -8.905810e-02 4.826437e-01 7.483017e+01
4.908599e-01 -4.799180e-02 8.699157e-01 1.040586e+02 -5.416475e-02 9.948692e-01 8.544836e-02 6.824080e+00 -8.695532e-01 -8.906194e-02 4.857419e-01 7.512306e+01
4.944999e-01 -4.953630e-02 8.677649e-01 1.045663e+02 -5.252482e-02 9.948469e-01 8.672228e-02 6.893286e+00 -8.675892e-01 -8.846336e-02 4.893498e-01 7.540457e+01
